0.085789
0.073075
0.0089732
0.049931
0.027354
0.065594
0.06003
0.050738
-0.015423
0.0078787
0.062528
0.028715
0.061949
0.021251
-0.012096
0.066543
0.0024502
0.0045057
0.027768
0.066671
0.037046
0.024578
-0.002151
-0.01506
0.027186
0.00022951
0.041685
-0.017977
0.05162
0.045858
0.044849
0.069575
0.054507
0.064599
0.01256
0.0021437
-0.00073557
-0.011267
0.032699
0.067208
0.056992
0.027663
-0.013846
0.059158
0.048428
0.017192
-0.014951
0.0090164
-0.02096
-0.01249
-0.0092961
0.076379
0.05902
0.0072473
0.062835
-0.017011
-0.0061746
0.022495
0.014182
0.074247
0.020074
0.029272
0.063344
0.013515
0.0047598
0.02502
0.045698
0.017066
0.070733
-0.0086823
0.0077057
0.074619
0.090932
0.075109
0.053651
0.021606
0.062634
0.069371
0.075269
0.052424
0.076008
0.10524
0.079023
0.06969
0.092221
0.055608
0.13992
0.082113
0.071449
0.12048
0.17101
0.17875
0.18601
0.10878
0.15634
0.17898
0.19528
0.24436
0.19543
0.2785
0.23421
0.32109
0.2929
0.32613
0.30647
0.42582
0.40509
0.45797
0.41708
0.46194
0.48179
0.49942
0.61721
0.62756
0.64796
0.69936
0.73324
0.7199
0.78671
0.78108
0.75406
0.78597
0.84091
0.89767
0.86825
0.90234
0.96281
1.0173
1.0342
1.0135
1.063
1.0483
1.0433
1.0483
1.0996
1.1241
1.0945
1.1596
1.172
1.1816
1.1126
1.1606
1.1331
1.1602
1.1448
1.122
1.1348
1.064
1.0653
1.0759
1.0916
1.0532
1.0116
0.99335
0.95254
0.9964
1.003
0.97304
0.92289
0.86983
0.85064
0.80562
0.86063
0.74427
0.7601
0.77816
0.7654
0.67508
0.68378
0.6852
0.64664
0.61965
0.61928
0.57896
0.55877
0.54434
0.53312
0.5317
0.41999
0.44221
0.40207
0.45841
0.36599
0.38174
0.35449
0.39397
0.36176
0.37584
0.32211
0.30424
0.31414
0.30667
0.25296
0.28391
0.32667
0.28924
0.25787
0.22235
0.25719
0.24477
0.26838
0.2035
0.23059
0.19437
0.25139
0.18673
0.19655
0.23082
0.21041
0.21472
0.19633
0.25067
0.25716
0.25985
0.18056
0.25322
0.26023
0.21324
0.18516
0.19168
0.19613
0.21087
0.17137
0.23645
0.22644
0.19391
0.15501
0.21828
0.24982
0.16378
0.21512
0.18944
0.22679
0.18944
0.24763
0.2228
0.2104
0.20779
0.17043
0.23245
0.19765
0.19625
0.22802
0.24171
0.197
0.1493
0.17758
0.19419
0.21271
0.22781
0.20332
0.24143
0.23406
0.16999
0.20865
0.20111
0.15712
0.1575
0.2084
0.15291
0.23578
0.1815
0.18536
0.19946
0.17053
0.17314
0.23743
0.20521
0.16071
0.1818
0.14353
0.21422
0.17449
0.2339
0.19486
0.14742
0.22677
0.16641
0.21748
0.17128
0.21471
0.22097
0.20165
0.19101
0.15454
0.23603
0.15777
0.21757
0.16559
0.15787
0.18779
0.24183
0.17702
0.23448
0.17417
0.24195
0.21877
0.21239
0.1895
0.23599
0.24251
0.20297
0.18455
0.22416
0.18273
0.24149
0.2099
0.193
0.2401
0.18463
0.23212
0.26971
0.26579
0.22825
0.22687
0.21447
0.23045
0.21256
0.20927
0.19538
0.21184
0.23174
0.22284
0.26438
0.2161
0.20965
0.23015
0.26501
0.19911
0.21861
0.29263
0.19746
0.23925
0.19794
0.20458
0.23266
0.2131
0.20732
0.23656
0.25138
0.2853
0.2458
0.22957
0.29442
0.21585
0.22484
0.24793
0.22688
0.30276
0.26384
0.26423
0.27329
0.24189
0.31923
0.27337
0.29878
0.31948
0.27765
0.27437
0.24781
0.26471
0.31435
0.26826
0.25576
0.30632
0.2879
0.31939
0.26505
0.31484
0.25935
0.28743
0.29973
0.31772
0.33107
0.28191
0.32173
0.29099
0.24874
0.27152
0.26674
0.25827
0.31113
0.34354
0.34333
0.29215
0.28191
0.34767
0.32699
0.25479
0.34456
0.32854
0.3449
0.2988
0.25397
0.33763
0.33938
0.2704
0.33553
0.3216
0.29589
0.31546
0.29212
0.29958
0.32341
0.3289
0.32512
0.2868
0.27079
0.30692
0.26239
0.28706
0.34965
0.25803
0.34043
0.29006
0.26466
0.33528
0.2726
0.25143
0.28008
0.30949
0.34568
0.34308
0.24753
0.34225
0.26689
0.29689
0.33122
0.26064
0.34003
0.33545
0.25483
0.32683
0.29053
0.29933
0.28617
0.27065
0.31086
0.25847
0.26798
0.27582
0.25412
0.26947
0.24889
0.26975
0.30682
0.2878
0.30036
0.25906
0.30883
0.31988
0.22374
0.25424
0.30629
0.30776
0.26074
0.26386
0.23087
0.22439
0.27242
0.29554
0.24508
0.27214
0.2509
0.27374
0.24099
0.23748
0.26762
0.22961
0.27572
0.19666
0.23733
0.22597
0.2197
0.21252
0.21633
0.20679
0.18664
0.20323
0.24201
0.27276
0.25275
0.21849
0.21096
0.22845
0.16469
0.25487
0.19374
0.16325
0.21333
0.17775
0.20501
0.23853
0.15529
0.15252
0.19387
0.22467
0.23217
0.18813
0.14558
0.15442
0.19015
0.19983
0.15346
0.16318
0.19494
0.22194
0.21669
0.17253
0.12145
0.17268
0.21102
0.1398
0.18673
0.16636
0.10517
0.19029
0.16759
0.11011
0.14645
0.15868
0.13611
0.092711
0.11769
0.10746
0.15139
0.16501
0.08666
0.16918
0.15095
0.12449
0.15657
0.1199
0.10686
0.13801
0.15246
0.087442
0.071902
0.1268
0.10432
0.05946
0.13309
0.10254
0.05853
0.09234
0.14193
0.14099
0.089546
0.13544
0.08029
0.037196
0.044699
0.12174
0.037771
0.12883
0.042215
0.054919
0.090185
0.079613
0.096017
0.080074
0.029655
0.080461
0.014144
0.028424
0.03928
0.021423
0.045002
0.055734
0.078039
0.075744
0.016809
0.0064939
0.062329
0.013748
0.0068389
0.049372
0.034057
0.028648
0.024675
0.050238
-0.00018527
0.037708
0.06415
0.007611
-0.0082959
0.015875
-0.010108
0.036706
0.0022546
0.066201
0.05238
0.05579
0.038624
0.0068257
0.057808
0.0050411
0.046885
-0.030973
0.024168
0.0069645
0.043264
-0.02655
-0.0064355
-0.040334
-0.0049391
0.0036321
0.039897
-0.030437
0.0031349
0.010454
-0.028301
-0.030353
-0.01385
-0.0066328
-0.026349
-0.022396
0.040787
-0.0098798
-0.012348
-0.010266
0.015187
-0.028031
-0.014223
-0.013195
-0.047185
-0.038012
0.0052876
0.026238
-0.058849
-0.016013
-0.046651
-0.02045
0.033232
0.017159
-0.003384
0.026065
-0.0078924
-0.048847
0.010847
-0.043988
0.03155
-0.0009411
-0.018557
-0.010129
-0.061805
-0.02774
0.027964
-0.028082
0.023643
-0.022697
0.032546
0.0035838
-0.049827
-0.00018429
-0.027213
0.031422
-0.018337
-0.04205
-0.061307
0.030622
-0.020354
-0.043557
0.031054
-0.055232
0.020586
-0.0085485
-0.0059972
-0.043571
-0.045059
-0.0092959
0.017589
-0.059491
-0.046552
-0.0070655
-0.037223
0.0082792
-0.027064
0.029545
0.0032748
-0.028755
-0.0093358
0.025726
-0.018603
-0.019063
-0.017601
-0.0057668
0.013757
0.012385
0.0034307
0.031668
-0.038915
-0.019424
-0.0092898
-0.021771
-0.0094138
-0.02561
-0.0466
0.01108
0.012083
0.0011309
-0.019779
-0.046888
-0.040491
-0.034545
-0.033987
0.015656
0.035355
0.042335
-0.053974
-0.053263
-0.05463
-0.052384
0.02113
-0.04247
-0.0053977
-0.015515
0.014459
0.031815
-0.028325
0.0051149
0.010561
0.0031483
-0.050414
0.0088432
-0.050902
-0.011112
-0.03823
-0.021139
-0.026172
-0.017898
0.039449
0.01455
-0.0052495
-0.046677
-0.046982
0.03602
0.016653
0.020354
0.023137
0.017901
-0.021392
0.04146
-0.050738
0.018067
-0.0012136
-0.04987
-0.014263
-0.044096
-0.021134
0.0090356
-0.018753
0.044458
-0.0096329
-0.049135
0.021352
0.026996
0.025101
-0.047751
0.033773
0.014361
-0.031206
0.0045745
0.0017194
0.044505
-0.0039156
0.040234
0.0035207
-0.043633
-0.018653
0.0029807
0.0442
0.033795
0.019328
0.010263
-0.0097368
-0.012875
-0.028251
0.0075809
0.014507
0.014708
-0.016386
0.037898
0.030395
0.013164
0.035097
-0.0055036
0.014987
-0.037398
0.0094452
-0.0076999
0.041216
-0.048086
0.0049953
0.016052
0.050763
-0.018003
0.029465
0.046448
0.0068192
0.024649
-0.021547
-0.033215
0.0075974
-0.0315
-0.043954
0.047684
0.015405
-0.0047238
0.022709
0.018985
-0.040175
-0.029092
0.033966
0.050516
-0.012357
0.01513
-0.027303
0.050107
0.042493
0.054049
-0.017562
-0.033201
-0.019846
0.0051936
-0.018636
0.054015
0.0036375
0.0433
0.04446
-0.0202
-0.018758
0.045722
0.024304
0.025053
0.033111
0.023704
-0.001206
-0.029019
0.044644
0.061939
0.0083971
0.01563
0.02485
-0.022055
-0.010018
-0.021331
-0.028354
-0.0083589
-0.011505
0.071739
-0.00030777
-0.0016387
0.019541
0.06303
0.060432
0.055324
-0.0062112
-0.0074556
0.022573
0.033563
0.057232
0.039622
0.014177
0.040226
0.082462
0.013882
0.0052039
0.029132
0.055698
0.0089813
0.038819
0.066613
0.015627
0.042058
0.0055093
0.066116
0.087178
0.01099
0.10862
0.054649
0.031586
0.046741
0.029254
0.026576
0.065309
0.080184
0.051003
0.098598
0.1028
0.072899
0.12538
0.06315
0.059371
0.13447
0.10531
0.10425
0.082434
0.098603
0.11107
0.14388
0.11104
0.12595
0.12482
0.14565
0.073859
0.097939
0.13435
0.091199
0.11702
0.094522
0.13073
0.089703
0.066081
0.072914
0.15668
0.067214
0.1437
0.09532
0.10591
0.13888
0.092618
0.15159
0.11199
0.1019
0.091754
0.11496
0.12647
0.16402
0.091992
0.13415
0.15013
0.13715
0.15457
0.096333
0.14673
0.067877
0.11514
0.11621
0.084639
0.070761
0.14144
0.075554
0.096613
0.090148
0.071836
0.063385
0.10992
0.10758
0.098534
0.078386
0.11792
0.088033
0.063908
0.045191
0.04756
0.072407
0.10156
0.11537
0.033727
0.10652
0.10534
0.083254
0.073055
0.058548
0.0833
0.048248
0.10352
0.076727
0.098001
0.085495
0.047625
0.020728
0.030243
0.093503
0.0599
0.041001
0.035719
0.068732
0.050407
0.044778
0.081743
0.039397
0.012538
0.097059
0.038953
0.047047
0.088113
0.049191
-0.0029939
0.01063
0.028998
0.03908
0.014093
0.010284
-0.0052528
0.061446
0.036958
0.057726
0.064909
0.082999
0.083968
0.073991
-0.00045343
0.0027243
0.040767
0.083785
0.042997
0.0063727
0.040446
0.059498
-0.0035309
0.05581
-0.0013953
0.0024261
0.01589
0.0044488
0.08203
0.016702
0.07366
0.0011148
0.032559
0.047162
0.059756
0.059607
-0.0039906
0.063831
0.0235
0.061616
0.036582
0.00059444
0.061143
0.0078365
0.061628
0.022977
0.073157
0.011373
0.0057481
0.048101
0.026724
0.074238
0.050054
0.087061
0.034445
0.053796
0.09376
0.027648
0.067589
0.075223
0.0070121
0.011391
0.034155
0.034285
0.014734
0.036338
0.088386
0.10978
0.030386
0.057506
0.077054
0.060484
0.14142
0.056322
0.13568
0.063815
0.081285
0.13364
0.097634
0.12054
0.17007
0.15348
0.20599
0.19832
0.24153
0.188
0.25105
0.27679
0.34419
0.33129
0.38612
0.34838
0.41988
0.39924
0.48153
0.42277
0.44665
0.56494
0.51434
0.61066
0.60452
0.65168
0.68832
0.67466
0.73852
0.73595
0.81754
0.78636
0.84558
0.84302
0.84674
0.88174
0.9419
0.97588
0.9985
1.0195
0.97363
1.0255
1.0511
1.0905
1.062
1.0943
1.142
1.0802
1.1483
1.1204
1.1591
1.13
1.0856
1.1268
1.0628
1.088
1.1014
1.1215
1.0138
1.0488
1.0321
0.96881
1.0398
0.936
0.93658
0.97969
0.91648
0.8573
0.87796
0.89169
0.79384
0.78781
0.75886
0.7277
0.71511
0.70311
0.69423
0.64558
0.66312
0.63363
0.61982
0.60918
0.57448
0.50711
0.49007
0.50636
0.41782
0.48971
0.42494
0.43392
0.4133
0.398
0.33589
0.33613
0.33115
0.27996
0.28751
0.26168
0.30295
0.24938
0.22097
0.28606
0.29905
0.25299
0.26254
0.20343
0.17799
0.17599
0.20506
0.23337
0.1657
0.24436
0.20545
0.24003
0.21433
0.19557
0.20415
0.14124
0.15627
0.23009
0.16633
0.21193
0.20791
0.14392
0.16399
0.2167
0.15616
0.18092
0.19261
0.20321
0.14924
0.11785
0.21361
0.21442
0.13827
0.12324
0.21062
0.20874
0.19774
0.17978
0.15325
0.19049
0.20747
0.1271
0.19185
0.13002
0.1412
0.19938
0.1536
0.14504
0.15893
0.11502
0.12667
0.10647
0.19048
0.1069
0.14343
0.1889
0.17744
0.14481
0.15784
0.14069
0.15685
0.15979
0.19997
0.12101
0.17865
0.19889
0.17285
0.17199
0.1464
0.13552
0.16073
0.10363
0.16912
0.15133
0.15009
0.10384
0.11702
0.12185
0.19149
0.139
0.15
0.11121
0.13537
0.17168
0.12341
0.18904
0.18377
0.19577
0.18847
0.2024
0.17373
0.15544
0.17398
0.19246
0.1937
0.14536
0.13406
0.20182
0.18294
0.14419
0.17791
0.14463
0.19283
0.1622
0.20416
0.1704
0.2193
0.16527
0.19605
0.1976
0.13622
0.22523
0.15268
0.2036
0.19551
0.16416
0.13558
0.14557
0.22022
0.22436
0.1471
0.1549
0.22359
0.17433
0.17092
0.21937
0.22578
0.22468
0.19885
0.23992
0.19724
0.18441
0.19906
0.18945
0.24895
0.17669
0.23475
0.18325
0.25225
0.16429
0.16591
0.25264
0.24933
0.25204
0.22888
0.23299
0.17432
0.2517
0.19102
0.18538
0.19469
0.2598
0.21956
0.19595
0.25617
0.20811
0.25023
0.27198
0.2709
0.24997
0.19574
0.19738
0.28074
0.29078
0.28325
0.24018
0.29302
0.27313
0.20437
0.24431
0.26177
0.26501
0.2633
0.2738
0.2557
0.26875
0.28605
0.28571
0.25699
0.23414
0.30465
0.26801
0.3072
0.27153
0.2588
0.24126
0.25951
0.24304
0.24594
0.21916
0.30472
0.28278
0.2888
0.31541
0.30435
0.31516
0.32148
0.30526
0.25465
0.26663
0.29851
0.2897
0.25044
0.23808
0.29843
0.28297
0.2804
0.31466
0.25648
0.27603
0.29361
0.30064
0.27635
0.23659
0.31387
0.25454
0.3193
0.23864
0.29266
0.2494
0.29845
0.23123
0.25374
0.27222
0.27468
0.24408
0.28282
0.32304
0.30323
0.31782
0.31758
0.31281
0.22635
0.23168
0.25229
0.26937
0.30328
0.27275
0.29554
0.28367
0.29132
0.27721
0.23064
0.27124
0.31539
0.25968
0.23739
0.2586
0.24154
0.23265
0.27804
0.23438
0.26922
0.30008
0.24723
0.23046
0.28545
0.2437
0.2801
0.24462
0.22931
0.2647
0.26093
0.23311
0.23496
0.21534
0.22884
0.22273
0.19447
0.24043
0.20635
0.23752
0.19876
0.19817
0.1903
0.19727
0.2372
0.27381
0.26703
0.21489
0.19689
0.2068
0.1987
0.24156
0.18115
0.19565
0.2556
0.26298
0.21438
0.21446
0.21377
0.19575
0.1715
0.18011
0.17981
0.19739
0.15727
0.16199
0.18747
0.2257
0.19662
0.22334
0.15376
0.14446
0.21249
0.16799
0.16107
0.15446
0.20878
0.13902
0.15849
0.2
0.21726
0.1562
0.17984
0.12956
0.1183
0.20546
0.16199
0.1762
0.11078
0.12751
0.10275
0.14478
0.11453
0.10457
0.12466
0.11061
0.17804
0.14707
0.18216
0.12961
0.13884
0.13263
0.084797
0.07756
0.10049
0.10314
0.12771
0.10231
0.13764
0.12856
0.13832
0.11419
0.090568
0.083848
0.14915
0.12463
0.10287
0.050355
0.14209
0.13092
0.082056
0.11404
0.066343
0.071878
0.098703
0.11844
0.033121
0.09666
0.12583
0.071833
0.035294
0.032082
0.11504
0.068154
0.085563
0.069065
0.045707
0.016741
0.0803
0.085382
0.10584
0.076391
0.085956
0.040745
0.026753
0.068121
0.060894
0.085358
0.083392
0.012567
0.073486
0.01499
0.059623
0.029499
0.065298
0.0069318
0.038621
0.064741
0.0077832
0.015498
0.052918
0.060867
0.03062
0.033179
0.027381
0.041792
-0.010464
-0.0058165
0.02271
0.042613
0.024664
0.022051
-0.027735
0.037762
-0.017073
0.033736
0.055556
0.025245
0.027685
-0.022704
-0.01465
-0.023725
-0.035887
0.003767
-0.018657
0.0045109
-0.045147
-0.054862
-0.041615
-0.024685
0.020419
-0.0018528
0.022586
-0.048973
0.0036302
-0.064213
-0.056117
-0.045815
0.026283
-0.046375
0.016626
0.023843
0.019756
-0.057147
0.020817
-0.042965
-0.051965
-0.04937
-0.049526
-0.053801
-0.024278
0.017323
-0.051889
0.016684
0.025455
-0.033577
-0.066055
-0.00069882
0.010291
-0.066807
-0.063464
-0.046432
0.031546
0.0083924
0.0054195
0.016677
-0.034521
0.027427
0.0095678
-0.060597
-0.014963
0.0078383
0.027204
0.025331
0.022257
-0.017437
0.031605
0.014607
-0.032622
0.0085988
0.01378
0.0059892
0.029899
-0.060401
-0.0076062
-0.041262
0.036358
0.015055
-0.022614
0.025066
-0.050708
0.0022429
-0.037107
-0.0067362
0.02863
-0.059827
-0.049227
-0.012752
-0.048646
0.017894
-0.051148
-0.012078
0.0020857
0.02709
-0.044984
0.038428
-0.0030634
-0.01853
0.019853
-0.00031421
0.037581
0.03444
-0.054253
-0.049352
0.032694
0.025472
0.03891
0.039709
-0.049218
0.0045803
0.0084915
-4.3956e-05
-0.029669
0.028469
0.016658
-0.013299
-0.0168
0.0090374
0.042388
-0.054174
0.014716
0.018595
-0.043096
-0.02593
-0.039855
-0.0095226
0.043085
-0.035309
0.015037
0.0003925
-0.022898
-0.052772
0.023189
-0.02859
-0.037545
0.012714
0.025314
0.035189
-0.050469
0.016711
0.025013
-0.014165
0.019698
-0.016134
-0.0011285
0.0034462
-0.008845
0.0081125
0.035348
0.0032022
-0.023573
0.036029
0.016822
0.0017654
0.026693
0.0016386
0.045062
0.013243
0.045453
0.017299
-0.003728
0.0014979
-0.037207
0.046643
0.016279
0.013557
0.014218
0.0506
0.027752
-0.01162
-0.0057858
0.046556
0.00069286
-0.031671
0.024688
-0.026978
-0.025984
-0.039944
-0.028204
0.048604
0.036166
-0.044814
0.044366
-0.027348
-0.024143
-0.0084347
0.05067
0.04552
0.041943
0.010843
-0.026734
0.028269
-0.04212
-0.040992
0.024149
-0.044224
-0.010432
0.049837
0.055721
0.050962
0.0043913
0.025761
-0.021836
0.051723
0.016405
0.0046309
-0.041089
-0.010555
-0.02999
0.02072
0.031717
-0.029136
0.020265
0.012543
0.0022471
0.054595
0.056334
-0.013777
-0.030267
0.026415
-0.037544
-0.031436
-0.013541
0.031628
0.012191
0.020561
0.029761
-0.011993
0.031945
0.021924
-0.022112
0.0076439
-0.035321
0.0087815
0.041501
-0.0082124
-0.026721
0.038836
0.050082
0.027056
0.011702
-0.015095
0.055796
0.024066
-0.028779
0.044466
0.058824
0.023663
0.056794
0.034926
0.053474
-2.4737e-05
-0.0084527
0.057506
-0.010103
0.049608
0.072783
-0.0060319
0.003042
0.044559
0.055572
-0.0016834
0.075942
-0.012847
0.027741
0.048697
0.033443
0.018677
0.054527
0.035264
0.054246
0.0089735
-0.0085443
0.0097188
0.038871
0.059109
0.0062099
0.077879
0.053044
0.040623
0.094161
0.018715
0.08078
0.070124
0.018239
0.020394
0.062952
0.01216
0.010516
0.04028
0.087171
0.065945
0.061977
0.093785
0.091944
0.029221
0.082577
0.025774
0.063936
0.096945
0.11569
0.053625
0.035668
0.060942
0.12565
0.057009
0.09921
0.11216
0.12768
0.069598
0.11907
0.1217
0.054031
0.12278
0.095136
0.10543
0.12107
0.12891
0.069392
0.14912
0.075956
0.12501
0.065853
0.14156
0.11978
0.15425
0.1099
0.1635
0.090482
0.13639
0.1428
0.14433
0.17639
0.1479
0.15494
0.078813
0.12075
0.1335
0.15545
0.13283
0.16371
0.10224
0.081379
0.092991
0.10206
0.16812
0.15726
0.12114
0.16558
0.095967
0.094464
0.088589
0.17144
0.079251
0.17145
0.081473
0.12329
0.086297
0.086041
0.12003
0.098822
0.081731
0.164
0.073995
0.16232
0.13277
0.095791
0.086555
0.084476
0.12882
0.093801
0.1452
0.082983
0.061648
0.063698
0.054721
0.068422
0.059657
0.13805
0.072723
0.14466
0.073204
0.062732
0.080089
0.059649
0.10214
0.079475
0.048838
0.098867
0.059752
0.088042
0.085263
0.043164
0.031155
0.055346
0.101
0.027561
0.11422
0.03493
0.019715
0.032235
0.062578
0.027061
0.021966
0.099913
0.096673
0.027916
0.068968
0.023924
0.060887
0.041781
0.082712
0.022939
0.070344
0.033953
0.07024
0.076577
0.026082
0.049367
0.07593
0.058042
0.06042
0.04195
0.052456
0.054642
0.024927
0.049547
0.022766
0.020602
0.0054126
0.028066
0.063474
0.026911
0.048264
0.093286
0.04087
0.025378
0.021201
0.063839
0.017138
0.017993
0.0076769
0.0095685
0.055847
0.056838
0.082673
0.016275
0.027638
0.034846
0.064696
0.079056
0.013772
0.041116
0.066501
0.084316
0.11311
0.022679
0.058654
0.024247
0.079399
0.09383
0.062063
0.11616
0.025577
0.10593
0.094654
0.027499
0.10792
0.027661
0.06231
0.11539
0.048098
0.12988
0.13057
0.095627
0.13159
0.083386
0.08793
0.11831
0.12687
0.064647
0.09792
0.15249
0.17448
0.1024
0.1024
0.16385
0.16
0.15047
0.2023
0.16407
0.20239
0.20227
0.22
0.25755
0.25515
0.30135
0.35934
0.36747
0.40683
0.33467
0.36839
0.43075
0.50196
0.47782
0.55586
0.52791
0.58044
0.59427
0.63735
0.69151
0.71261
0.70739
0.77366
0.78789
0.82356
0.79759
0.8503
0.90747
0.87085
0.91244
1.0079
1.0256
0.95807
0.98821
1.0636
1.1021
1.1022
1.0983
1.1034
1.115
1.1238
1.0977
1.1441
1.1175
1.1963
1.1052
1.1639
1.1454
1.1693
1.1725
1.1824
1.0979
1.1249
1.0797
1.0813
1.0538
1.0721
1.0807
1.0127
0.98613
1.0207
0.92399
0.9499
0.90433
0.94032
0.86441
0.85873
0.82048
0.78004
0.79276
0.78134
0.70158
0.65542
0.68999
0.64017
0.63829
0.55973
0.57147
0.55262
0.54779
0.49916
0.52391
0.4728
0.49815
0.40524
0.41733
0.4493
0.41041
0.35301
0.39183
0.34706
0.29611
0.34391
0.3494
0.34086
0.26868
0.28365
0.32333
0.24385
0.26462
0.23583
0.20298
0.22794
0.28491
0.19553
0.2137
0.17467
0.26637
0.21868
0.16558
0.20957
0.18206
0.23507
0.24065
0.20147
0.24295
0.22025
0.2139
0.20439
0.2121
0.23374
0.23551
0.14664
0.23164
0.22947
0.20349
0.2323
0.18076
0.14402
0.21214
0.14336
0.18305
0.18315
0.14404
0.13258
0.13764
0.17639
0.22708
0.17229
0.17949
0.18785
0.18785
0.16604
0.17097
0.22323
0.16305
0.14707
0.14411
0.19934
0.1339
0.14661
0.12475
0.21189
0.21418
0.19924
0.13457
0.18786
0.15034
0.15978
0.13921
0.20384
0.21373
0.18274
0.14501
0.12692
0.16789
0.18126
0.19424
0.20122
0.15263
0.16828
0.1681
0.20908
0.13407
0.18058
0.18756
0.13131
0.15924
0.21072
0.17283
0.17958
0.12695
0.16972
0.18611
0.19104
0.16668
0.19317
0.17706
0.19107
0.1513
0.22313
0.18743
0.1376
0.2078
0.22007
0.20086
0.16405
0.20745
0.13828
0.20131
0.14058
0.15489
0.22001
0.20099
0.18615
0.15235
0.20053
0.22204
0.18912
0.17198
0.18871
0.16304
0.21635
0.20649
0.18374
0.22678
0.16362
0.24314
0.24541
0.22186
0.19353
0.22323
0.22664
0.20916
0.19409
0.25517
0.17731
0.22854
0.17152
0.21359
0.25417
0.20924
0.23091
0.17712
0.17917
0.25863
0.20191
0.21349
0.22802
0.18457
0.2406
0.252
0.27088
0.26202
0.27009
0.22179
0.21479
0.22018
0.27996
0.22301
0.19418
0.21004
0.22483
0.20407
0.24457
0.29027
0.23527
0.24109
0.29088
0.21166
0.24223
0.29718
0.27885
0.2964
0.30783
0.22208
0.30197
0.30311
0.25228
0.23543
0.24822
0.30897
0.2765
0.25064
0.3142
0.25446
0.25452
0.26481
0.28785
0.23928
0.31911
0.22958
0.23432
0.2938
0.28087
0.23988
0.27589
0.28347
0.30329
0.25083
0.32971
0.31371
0.27037
0.24399
0.25462
0.24379
0.33737
0.28169
0.24477
0.24486
0.31055
0.27438
0.34478
0.29029
0.33701
0.32539
0.25518
0.28356
0.28371
0.34291
0.31147
0.3087
0.29147
0.30279
0.26099
0.29587
0.27909
0.26063
0.27046
0.31508
0.35032
0.30211
0.28446
0.26971
0.26378
0.33381
0.27682
0.34209
0.30951
0.27332
0.30098
0.27887
0.32743
0.29419
0.28692
0.33962
0.31075
0.25666
0.31036
0.29289
0.288
0.33113
0.32564
0.24859
0.25948
0.2705
0.31604
0.28611
0.28428
0.3027
0.28467
0.31542
0.28232
0.29487
0.28861
0.25377
0.23624
0.25761
0.31438
0.27663
0.31341
0.31192
0.27007
0.28441
0.32498
0.28433
0.3236
0.31139
0.23139
0.2514
0.22692
0.24974
0.24962
0.27593
0.30524
0.22682
0.23251
0.24496
0.23218
0.27225
0.23878
0.21753
0.30119
0.23991
0.29249
0.24087
0.21054
0.25969
0.28379
0.20198
0.22614
0.21142
0.26319
0.24981
0.19384
0.20673
0.24817
0.22651
0.22161
0.21701
0.17492
0.24892
0.19588
0.18286
0.2576
0.2339
0.25136
0.17077
0.22483
0.21345
0.2448
0.23898
0.2476
0.15757
0.2166
0.19727
0.16479
0.23181
0.15464
0.21379
0.17593
0.18277
0.21193
0.20939
0.17808
0.20148
0.20456
0.19459
0.21545
0.19905
0.20496
0.1258
0.17215
0.19756
0.12058
0.19015
0.19701
0.20127
0.12051
0.11796
0.15647
0.11896
0.15859
0.14134
0.17451
0.10727
0.096543
0.11585
0.10944
0.17353
0.15784
0.10422
0.17325
0.10263
0.12269
0.09414
0.066414
0.15675
0.10474
0.13291
0.061832
0.14747
0.12476
0.10731
0.058798
0.13893
0.075985
0.05012
0.13782
0.077037
0.080681
0.13844
0.084484
0.060334
0.11603
0.1268
0.037779
0.029586
0.1224
0.097748
0.064365
0.093836
0.10101
0.019307
0.026794
0.045462
0.082147
0.019042
0.096909
0.10824
0.015772
0.032734
0.066569
0.047688
0.082797
0.093339
0.05205
0.027567
0.065503
0.069517
0.016837
0.030888
0.02634
0.011186
0.06724
0.08471
0.057974
0.077611
0.037001
0.063348
0.0019718
0.0083319
0.040643
0.073316
0.06529
-0.0046015
-0.0070541
0.037957
0.05307
0.0069494
0.022548
0.018355
0.024662
0.019926
-0.023907
0.024099
-0.016546
-0.033337
-0.021676
0.039743
0.012119
0.051872
-0.032504
-0.04121
-0.015335
-0.039089
0.0212
-0.017804
0.018755
0.016353
-0.0041409
0.0026811
-0.040713
-0.020121
-0.019483
0.026907
-0.048961
0.038954
0.020381
-0.053499
-0.0076598
-0.044884
-0.014857
-0.023847
-0.057713
-0.029939
0.020565
-0.0084646
-0.013874
-0.03617
-0.038742
-0.050022
-0.010524
0.021527
-0.021831
0.014172
-0.024597
0.025674
-0.037165
0.033214
0.037563
-0.041568
-0.01507
-0.017132
-0.032333
0.01445
0.0072056
-0.048651
0.00024758
0.033679
-0.028748
-0.019058
-0.058008
-0.008433
0.011029
0.017872
-0.0096833
0.034133
-0.0073331
0.018459
0.0093256
-0.035466
-0.00075281
0.018625
-0.032078
-0.028304
0.03328
-0.053241
0.016378
-0.053044
0.0060558
-0.011743
0.030108
-0.0027368
0.037682
-0.026781
0.030058
-0.011424
-0.030565
-0.008334
-0.0228
0.020129
0.0047873
0.036023
0.046448
0.028129
0.037342
0.014458
0.028707
-0.022639
-0.0071668
0.02746
-0.041158
0.0029844
-0.0057557
0.033791
-0.031114
-0.0010042
-0.028703
0.041228
0.045476
-0.035398
0.04228
-0.024612
-0.037836
0.022836
0.014346
0.024907
-0.020036
-0.0076592
0.032314
0.022792
-0.040896
0.019039
0.049937
0.010717
-0.021861
-0.020959
0.024992
0.035804
-0.046257
0.010966
0.0033723
0.047844
0.0097671
0.0090408
-0.025707
-0.037585
-0.022164
0.012388
-0.023905
-0.035088
0.018659
-0.0029088
-0.0088795
0.032334
0.052105
-0.020554
-0.0018721
-0.038939
0.013225
-0.0038426
0.00054623
-0.0048399
-0.038667
0.031669
-0.026835
0.029548
-0.03409
-0.03079
-0.025442
0.018213
0.048928
0.018052
0.032058
0.048538
0.027137
0.0084052
0.037427
0.041318
0.027274
0.050905
-0.011983
0.047342
0.032497
-0.037351
0.013966
-0.0073233
0.042759
0.033456
0.0010515
-0.01291
0.016687
0.028825
0.00035893
0.0056375
0.017767
0.023995
0.0044516
0.010222
0.023247
0.022675
0.007763
-0.027494
0.026149
-0.015379
-0.014744
0.055537
0.012277
0.05367
0.00051746
-0.022714
0.055262
-0.019355
0.036015
0.035393
-0.014456
-0.031251
0.051728
-0.017246
-0.001806
0.045248
0.053781
0.0035897
0.019254
0.018705
0.048966
0.036904
-0.026008
0.051822
0.040597
-0.026824
0.014076
-0.01269
0.0065666
-0.027863
-0.020847
0.055325
0.037181
0.037547
0.015055
0.0094231
0.048324
0.065236
0.0604
-0.023624
0.015099
-0.0019007
-0.028474
0.035966
0.031167
0.058819
0.040337
0.058704
0.014482
0.021253
-0.01664
0.0016272
0.022495
0.035968
0.0046142
0.044981
0.053094
0.050256
0.048858
0.060435
0.0068603
0.072095
0.066107
0.072052
0.019046
0.076811
0.041158
0.03399
-0.002943
0.0317
0.0032796
0.047774
0.089402
0.091087
0.075931
0.049791
0.021452
0.028232
0.031647
0.0063611
0.019005
0.032697
0.099886
0.076143
0.074382
0.082517
0.069914
0.048631
0.030152
0.053862
0.1077
0.036518
0.062829
0.030312
0.032308
0.089047
0.028149
0.070351
0.078127
0.057722
0.11024
0.045126
0.087796
0.078969
0.10059
0.055809
0.076624
0.077251
0.093824
0.093818
0.11048
0.12447
0.10829
0.090803
0.14383
0.14525
0.085178
0.12146
0.13108
0.10289
0.11766
0.14109
0.13765
0.15314
0.10853
0.10135
0.077539
0.16416
0.084039
0.1455
0.14999
0.11064
0.10565
0.17782
0.12374
0.16272
0.11748
0.11967
0.091113
0.14523
0.08526
0.14852
0.090422
0.17334
0.16542
0.13589
0.15287
0.13367
0.16834
0.15878
0.13212
0.18068
0.10704
0.087799
0.12442
0.10446
0.16482
0.08468
0.15849
0.15914
0.098575
0.16261
0.095956
0.12599
0.11165
0.10569
0.088044
0.092951
0.083548
0.072072
0.10417
0.13759
0.073879
0.12421
0.075675
0.15509
0.13951
0.1507
0.072232
0.084682
0.080465
0.1324
0.13382
0.11156
0.067008
0.096411
0.13699
0.13284
0.053107
0.068723
0.045304
0.11736
0.062077
0.038286
0.096355
0.1173
0.094395
0.080489
0.035406
0.042641
0.042712
0.11953
0.10775
0.027977
0.10281
0.078323
0.048271
0.11384
0.056589
0.066039
0.039323
0.1085
0.069342
0.016553
0.092883
0.096989
0.082242
0.10416
0.054867
0.095942
0.020681
0.045307
0.019213
0.09642
0.093637
0.077812
0.080572
0.027815
0.011176
0.039719
0.057024
0.070754
0.038013
0.075258
0.025943
0.094673
0.058993
0.06478
0.032192
0.04932
0.025792
0.0081416
0.04968
0.05785
0.062903
0.025968
0.026734
0.0047614
0.018061
0.038049
0.097505
0.040177
0.095413
0.0304
0.073236
0.094636
0.10102
0.049065
0.011951
0.095239
0.057857
0.042488
0.074244
0.036592
0.090798
0.077535
0.022818
0.065939
0.051148
0.078126
0.02873
0.070059
0.018005
0.061633
0.019879
0.095721
0.028066
0.011081
0.050688
0.10098
0.091227
0.076296
0.033421
0.03351
0.094869
0.10836
0.091036
0.053251
0.12351
0.061842
0.1527
0.16407
0.1738
0.11734
0.11173
0.13436
0.21724
0.1721
0.24147
0.19092
0.26917
0.21948
0.28454
0.29773
0.31287
0.38497
0.35626
0.41433
0.35492
0.37326
0.47645
0.51504
0.45262
0.55376
0.57861
0.52425
0.58682
0.58486
0.64744
0.67717
0.71838
0.73724
0.74883
0.75654
0.84141
0.90169
0.92685
0.93989
0.88657
0.93309
1.0209
1.0211
1.0392
1.0452
1.1241
1.1088
1.1447
1.1459
1.1895
1.1706
1.186
1.2274
1.1954
1.1719
1.2334
1.1837
1.1523
1.1987
1.1835
1.18
1.1462
1.1937
1.1944
1.1294
1.1075
1.0992
1.0936
1.0523
1.0302
1.092
1.015
1.0618
0.95618
1.0122
0.99766
0.89444
0.88144
0.84023
0.88859
0.82531
0.85374
0.75831
0.71999
0.78222
0.75361
0.72622
0.70052
0.68222
0.63257
0.58829
0.53242
0.50846
0.54318
0.51744
0.53616
0.53183
0.50964
0.40826
0.45622
0.46999
0.39494
0.41815
0.35311
0.39604
0.35756
0.31787
0.32552
0.33735
0.28533
0.34595
0.31507
0.3177
0.34713
0.30776
0.27515
0.28027
0.2316
0.24048
0.2269
0.22862
0.30515
0.2309
0.22028
0.28191
0.28086
0.27847
0.2091
0.21691
0.2007
0.26163
0.26526
0.23324
0.28209
0.21578
0.25772
0.27932
0.21395
0.28669
0.22222
0.19028
0.18614
0.19433
0.19961
0.1954
0.23574
0.20345
0.22347
0.18609
0.23237
0.21305
0.18373
0.2094
0.2138
0.2587
0.23917
0.21083
0.1934
0.23562
0.23594
0.27338
0.19901
0.23201
0.23547
0.25099
0.18426
0.23508
0.2014
0.26819
0.27088
0.23673
0.21271
0.25789
0.18974
0.19502
0.18898
0.26198
0.21823
0.1961
0.25096
0.25934
0.24152
0.1854
0.21194
0.22308
0.21772
0.20941
0.26775
0.25181
0.22892
0.17459
0.17732
0.17856
0.24287
0.2675
0.20087
0.22459
0.21513
0.25719
0.27016
0.20718
0.23157
0.22284
0.2257
0.18886
0.24679
0.2157
0.22786
0.21193
0.18252
0.24632
0.1904
0.18713
0.2137
0.23559
0.18746
0.23411
0.27534
0.22765
0.22631
0.20036
0.21274
0.26596
0.21326
0.21483
0.21851
0.26645
0.28981
0.21687
0.24199
0.27176
0.21315
0.27311
0.26482
0.22236
0.30085
0.26474
0.30349
0.28226
0.25714
0.29359
0.27605
0.28943
0.26631
0.2598
0.2191
0.29687
0.24401
0.24472
0.26211
0.23311
0.24016
0.29628
0.29534
0.28455
0.27914
0.32101
0.32335
0.32443
0.30256
0.26582
0.2506
0.28952
0.33292
0.30572
0.25668
0.29984
0.3347
0.31204
0.34306
0.34508
0.27053
0.33248
0.25387
0.25713
0.30322
0.25494
0.29359
0.32644
0.26601
0.31951
0.32378
0.29618
0.33594
0.359
0.34084
0.32923
0.35246
0.28029
0.34775
0.33751
0.30368
0.27352
0.28256
0.28087
0.29874
0.35627
0.29703
0.29
0.32564
0.31191
0.2846
0.32904
0.32314
0.33649
0.31046
0.34091
0.37278
0.34555
0.37751
0.32786
0.30869
0.36367
0.35761
0.30573
0.29901
0.33059
0.34511
0.35407
0.37604
0.29186
0.35599
0.36887
0.37387
0.31633
0.32906
0.29629
0.35241
0.32362
0.31772
0.35681
0.33165
0.30357
0.34842
0.29226
0.32372
0.3615
0.32009
0.37659
0.2984
0.34175
0.31479
0.30616
0.34648
0.32567
0.32146
0.37146
0.31737
0.34256
0.3223
0.29661
0.35559
0.35855
0.37035
0.31767
0.3035
0.29463
0.29807
0.27274
0.29119
0.27637
0.34793
0.34411
0.30553
0.34429
0.3369
0.33069
0.35299
0.30909
0.35059
0.33342
0.27599
0.27588
0.25739
0.26316
0.2896
0.27443
0.3033
0.32781
0.27396
0.32533
0.33609
0.2946
0.28763
0.26886
0.24785
0.2731
0.29235
0.23887
0.28088
0.26909
0.27621
0.24078
0.28515
0.30339
0.29013
0.21982
0.31514
0.25189
0.26898
0.26316
0.21598
0.28423
0.20823
0.20921
0.2961
0.22434
0.28846
0.20357
0.23158
0.2215
0.25608
0.25797
0.2702
0.21588
0.27568
0.27749
0.25098
0.25344
0.20969
0.18376
0.20751
0.20579
0.24563
0.22183
0.18711
0.19771
0.16923
0.20504
0.20439
0.2409
0.17768
0.16687
0.22015
0.20443
0.14479
0.14439
0.13869
0.21954
0.15997
0.22713
0.20138
0.14425
0.18156
0.22107
0.18936
0.20373
0.12833
0.21231
0.18088
0.17684
0.12456
0.1416
0.20453
0.18962
0.19325
0.19094
0.18971
0.11272
0.10082
0.14341
0.17416
0.16583
0.18145
0.14182
0.17997
0.16181
0.079104
0.088643
0.10149
0.16908
0.15061
0.081727
0.070298
0.07023
0.13641
0.1362
0.075182
0.14767
0.11575
0.11915
0.1406
0.055062
0.083905
0.091068
0.066806
0.11329
0.090932
0.11718
0.074195
0.075716
0.052685
0.056333
0.11446
0.031932
0.10719
0.06036
0.058163
0.056264
0.028305
0.10076
0.036501
0.080358
0.030234
0.015706
0.062649
0.088423
0.088111
0.031802
0.045163
0.059187
0.033158
0.008679
0.026336
0.07111
0.0065214
0.034171
0.083041
0.038734
0.063037
0.069988
-0.0045507
0.024687
0.028984
0.014995
-0.0050319
0.019454
0.0042341
0.0075841
0.031798
0.063798
0.012778
0.05007
-0.0039501
0.01428
-0.015084
-0.022006
0.031985
-0.0052949
0.023613
0.062763
0.042302
0.053541
0.023227
-0.011954
0.023701
0.00542
0.033085
0.018263
0.050612
-0.03601
-0.021562
0.026745
-0.017106
0.04003
0.016321
-0.022365
0.024174
0.043521
-0.004874
0.049593
0.014072
0.0094722
-0.033792
-0.016104
-0.020636
0.041436
0.039954
-0.038036
-0.014244
0.0075096
-0.020312
0.020913
-0.026178
-0.032313
0.037891
0.050807
-0.0049102
0.001218
0.033005
0.012237
0.022939
-0.01105
0.025627
0.046622
0.033046
0.0143
0.029327
-0.012569
-0.031688
0.048836
0.03808
-0.036609
0.023028
-0.0084119
0.044169
0.046457
-0.013178
0.0024483
0.043668
-0.016783
-0.02182
-0.0039186
-0.016486
-0.015037
0.014875
0.0451
0.020833
0.020409
0.038213
-0.0076937
0.004394
-0.028036
0.021273
0.021886
0.030069
0.047426
0.023585
0.0099525
-0.02511
0.0070546
-0.016181
0.048861
-0.019767
-0.017536
-0.0034653
-0.023503
-0.0084523
0.021776
0.018686
-0.020245
-0.040437
-0.023645
0.027038
0.02248
-0.028882
0.018898
0.013757
0.007635
0.00083955
0.033954
-0.017004
0.011604
0.055471
0.015387
-0.012072
0.017806
-0.00093853
-0.034337
0.00035227
0.017964
0.053267
-0.018465
0.043824
0.05817
-0.030605
-0.038432
-0.0024612
0.04216
-0.003222
0.027048
-0.032406
0.050968
0.028511
-0.011626
0.02291
0.03791
-0.0015914
-0.014692
-0.0049068
0.049891
-0.01587
-0.021856
0.031649
-0.021591
-0.017765
0.013935
0.048087
0.043249
0.0051024
0.046978
-0.020991
-0.012182
0.052872
0.015926
-0.024415
0.036941
0.022212
0.017529
-0.029782
0.018451
0.059078
-0.035072
-0.0041613
0.059288
-0.010211
0.057512
-0.013083
0.018324
0.0043782
0.026389
-0.032498
-0.024766
0.020845
-0.029306
0.043163
-0.01064
0.018913
0.020852
0.026647
-0.0092124
0.044157
-0.0046813
0.017835
0.039844
0.010879
-0.014289
-0.0183
0.0029998
0.061671
-0.0048117
0.0056803
0.060472
-0.0016272
0.043061
-0.016093
0.018493
0.013661
0.046389
0.0047434
0.014122
0.024867
-0.010298
0.034748
0.010776
0.023988
-0.021463
-0.012125
-0.005347
-0.016722
0.024864
-0.020055
-0.014039
0.017531
-0.027107
0.016129
0.015833
0.050569
-0.01055
0.018076
0.065073
0.031268
0.0316
0.04805
0.044691
-0.0038846
0.039662
0.034533
-0.012437
0.067852
0.033174
0.03497
0.023767
0.0042806
0.03587
-0.006098
-0.0081789
0.047555
0.073193
0.061317
0.033985
0.022165
-0.0050717
0.027606
0.005547
0.049435
0.0026045
0.062049
0.036057
0.056651
0.058236
0.012636
0.066566
-0.010895
0.061318
0.0045258
0.081787
0.064664
0.057034
0.052407
0.0073141
0.054467
0.083952
0.082229
0.018191
0.0309
0.011451
0.037974
0.063807
0.036672
0.020739
0.066689
0.026659
0.067881
0.022122
0.014516
0.10194
0.040923
0.10232
0.06093
0.10272
0.067557
0.029407
0.069
0.10575
0.080511
0.042248
0.079919
0.069807
0.042987
0.10201
0.063248
0.11447
0.05653
0.043643
0.07887
0.14199
0.10244
0.049939
0.11097
0.1209
0.14945
0.10854
0.075652
0.091198
0.14695
0.068565
0.13932
0.094994
0.075462
0.080514
0.069473
0.15605
0.1136
0.12435
0.15263
0.16548
0.087992
0.10459
0.096997
0.13513
0.14317
0.11228
0.138
0.15898
0.078442
0.098588
0.10837
0.088872
0.13799
0.10012
0.11676
0.10226
0.084832
0.1032
0.17583
0.10806
0.10174
0.15022
0.11421
0.082756
0.14562
0.12824
0.15448
0.079372
0.10002
0.10777
0.14406
0.13825
0.11973
0.12451
0.1243
0.071373
0.11834
0.12736
0.13002
0.15042
0.12449
0.086088
0.12217
0.13822
0.14606
0.062952
0.14045
0.096366
0.071008
0.088065
0.083191
0.057831
0.11657
0.067917
0.095872
0.061593
0.034867
0.12505
0.098967
0.04226
0.035947
0.072762
0.052388
0.11477
0.027862
0.027413
0.020578
0.030519
0.068877
0.022088
0.046473
0.10983
0.049524
0.084413
0.04169
0.016959
0.083031
0.069974
0.027039
0.094582
0.082242
0.073377
0.019774
0.090249
0.018903
0.035781
0.052881
0.011433
0.067748
0.072211
0.025223
0.042539
0.055295
0.070683
0.031012
0.043602
0.073275
0.090469
0.037093
0.022957
-0.0072073
-0.0018321
0.0043801
0.0048517
0.076857
0.081027
0.060769
0.018614
0.070993
0.018536
0.08788
0.074026
0.048997
0.015367
0.073286
-0.0041244
0.046992
0.049115
0.0077307
0.096364
0.01824
0.020963
0.063612
0.016764
0.046465
0.071501
0.0093142
0.080097
0.03331
0.0083434
0.068809
0.040369
0.0092423
0.040045
0.093016
0.088832
0.042264
0.10325
0.017813
0.060955
0.094418
0.11301
0.099245
0.07002
0.047752
0.027224
0.037444
0.085248
0.062519
0.064576
0.11538
0.074207
0.055711
0.10589
0.12037
0.10144
0.13204
0.088285
0.12844
0.10172
0.14757
0.20268
0.19992
0.18778
0.2074
0.20685
0.21096
0.23122
0.31142
0.29209
0.33645
0.33933
0.39368
0.40917
0.41678
0.46588
0.4294
0.45934
0.50619
0.56171
0.54477
0.61468
0.57087
0.62445
0.67499
0.68348
0.69125
0.72728
0.73369
0.76153
0.80003
0.88483
0.93219
0.96453
0.91465
0.92245
1.0053
0.98176
1.0171
1.0623
1.0356
1.1043
1.1119
1.0974
1.1102
1.1401
1.1074
1.1858
1.1387
1.1862
1.1761
1.1704
1.1269
1.1415
1.1679
1.0938
1.0674
1.115
1.0448
1.1155
1.103
1.0223
1.0653
1.0115
0.99684
0.92788
0.91983
0.96056
0.85612
0.82167
0.8425
0.77196
0.74981
0.73183
0.70916
0.6844
0.74166
0.6643
0.69306
0.62529
0.5977
0.5938
0.54522
0.50677
0.55246
0.48131
0.51944
0.48499
0.42947
0.38667
0.44197
0.4397
0.36268
0.38171
0.33982
0.38585
0.31949
0.33839
0.27476
0.27684
0.30829
0.29954
0.31371
0.27922
0.29524
0.23912
0.28303
0.25739
0.2032
0.2227
0.26909
0.24666
0.23457
0.18686
0.20738
0.21304
0.17213
0.17593
0.16434
0.19333
0.23483
0.15667
0.18095
0.20491
0.20031
0.16876
0.16846
0.17927
0.19831
0.22499
0.17093
0.20138
0.18478
0.23026
0.1957
0.15812
0.17966
0.19889
0.13991
0.16921
0.15815
0.22825
0.19906
0.13778
0.21903
0.16834
0.14486
0.15215
0.19219
0.20044
0.16257
0.2217
0.20694
0.12654
0.12627
0.13067
0.21694
0.18624
0.20753
0.18787
0.21269
0.1929
0.19909
0.17353
0.17574
0.18279
0.19543
0.17031
0.18117
0.21366
0.19668
0.15158
0.14139
0.1231
0.19458
0.21623
0.18043
0.19622
0.18148
0.13306
0.20245
0.19499
0.13664
0.22018
0.17629
0.20801
0.18058
0.21819
0.14601
0.17386
0.13821
0.21553
0.20382
0.21704
0.17424
0.21857
0.14796
0.1547
0.16919
0.14029
0.21074
0.19734
0.22633
0.20839
0.22774
0.22702
0.16904
0.204
0.13644
0.15872
0.14325
0.15926
0.15079
0.14075
0.23501
0.19533
0.1481
0.22798
0.21549
0.2044
0.20645
0.17926
0.24418
0.23419
0.24343
0.20014
0.17416
0.22092
0.20555
0.24953
0.1644
0.21941
0.22784
0.17979
0.18424
0.24022
0.20019
0.22175
0.21178
0.20207
0.26673
0.23918
0.203
0.27042
0.22648
0.19274
0.27793
0.2736
0.21194
0.21386
0.18874
0.25739
0.24522
0.26758
0.20578
0.27901
0.2607
0.20515
0.25666
0.27552
0.22233
0.29239
0.26793
0.24682
0.23006
0.278
0.29105
0.28495
0.25233
0.20686
0.26963
0.21446
0.2767
0.29893
0.22751
0.23816
0.28485
0.24864
0.27723
0.2184
0.24371
0.25345
0.26453
0.25585
0.22638
0.32154
0.22548
0.24638
0.25962
0.26373
0.27939
0.30515
0.25423
0.28968
0.3011
0.3082
0.26142
0.27134
0.30724
0.31627
0.26127
0.26754
0.30911
0.29336
0.32896
0.2836
0.24331
0.33397
0.27797
0.31259
0.30154
0.25299
0.24849
0.26459
0.26014
0.25543
0.26589
0.25718
0.27706
0.24105
0.30036
0.28222
0.2779
0.30934
0.32572
0.25925
0.32968
0.26386
0.25
0.29238
0.27142
0.30973
0.31769
0.23683
0.3031
0.27841
0.26294
0.28358
0.2541
0.29529
0.2621
0.23698
0.28438
0.27373
0.26496
0.26847
0.24232
0.26553
0.27741
0.2636
0.30639
0.31344
0.22658
0.24688
0.27398
0.24804
0.26043
0.22514
0.23745
0.25459
0.22145
0.25077
0.2188
0.22101
0.24808
0.22654
0.29694
0.25631
0.2336
0.2571
0.22662
0.29415
0.24028
0.26937
0.23984
0.28142
0.21858
0.26588
0.28069
0.23305
0.23389
0.1967
0.27809
0.24116
0.27318
0.24226
0.24085
0.22022
0.24762
0.19917
0.22189
0.2168
0.18089
0.24696
0.1662
0.17574
0.16595
0.17604
0.20351
0.17077
0.17125
0.16818
0.19024
0.23636
0.17077
0.22794
0.16172
0.17376
0.14587
0.18615
0.20405
0.18893
0.14505
0.15563
0.20404
0.17674
0.14119
0.19228
0.16513
0.20958
0.1406
0.15586
0.16114
0.13657
0.16184
0.17778
0.19221
0.17119
0.10999
0.11402
0.16215
0.1518
0.13705
0.17678
0.11008
0.14009
0.15636
0.11567
0.11528
0.14136
0.12753
0.076015
0.10851
0.13644
0.12947
0.11963
0.14392
0.068904
0.090089
0.05973
0.11523
0.077423
0.050653
0.12184
0.11949
0.13618
0.0598
0.11938
0.099359
0.10145
0.074816
0.080004
0.12519
0.053013
0.082338
0.093416
0.043486
0.078026
0.048437
0.085608
0.024806
0.078323
0.02773
0.051052
0.019072
0.039283
0.023005
0.065464
0.07434
0.013442
0.058911
0.041417
0.0085519
0.028583
0.04076
0.010416
-0.0025644
0.055214
0.013242
0.047406
0.009307
0.05976
0.015744
0.061826
0.072248
0.024236
0.044528
-0.0086537
-0.028047
0.029121
0.030624
0.022123
0.02888
-0.0012121
-0.028268
0.048571
0.027377
-0.024917
-0.0093081
0.030129
0.029815
-0.0065009
-0.0081845
-0.003924
0.011651
0.0092897
0.042887
-0.032317
-0.00034586
-0.039769
-0.058214
-0.058553
-0.031144
0.025573
-0.062981
-0.025033
-0.041345
-0.0034777
-0.066609
-0.053765
-0.0077485
-0.044543
-0.066039
-0.011994
-0.029965
-0.058435
-0.064993
-0.022557
-0.026794
-9.4291e-05
-0.071873
-0.0046294
-0.013656
-0.061155
-0.037539
-0.043976
0.00053389
-0.030467
-0.0067676
-0.013494
0.0064346
-0.070152
-0.052321
-0.017452
0.0096635
-0.017123
-0.016466
-0.062088
-0.025852
0.014457
-0.016356
-0.06307
-0.064745
-0.068795
-0.0054638
0.019059
-0.045025
-0.058275
-0.018755
-0.038995
-0.010229
-0.032471
-0.043209
-0.013117
-0.029069
-0.052178
-0.038739
-0.014931
-0.022083
-0.0051603
0.014591
0.02613
0.016432
-0.010659
0.0098316
-0.053013
-0.017941
-0.023906
-0.060235
-0.022591
-0.030819
-0.029804
-0.013312
-0.060276
-0.036094
-0.022476
-0.069053
-0.046854
-0.042342
0.0091961
-0.025313
-0.049809
0.0046484
0.0040818
-0.01866
0.0055924
0.0063218
0.005573
0.024327
0.0076928
-0.0058417
0.0047261
-0.066004
0.0084494
-0.012428
-0.033976
-0.038585
0.008805
0.0032576
0.011344
0.013964
-0.043668
-0.028264
0.012771
0.0037034
0.0037034
-0.035009
-0.036043
-0.018501
0.015487
-0.015232
0.009874
0.015003
-0.031496
-0.044261
-0.037934
0.0047142
-0.0019072
-0.058244
-0.057302
-0.052298
0.021648
0.028258
-0.034551
0.018505
0.0078821
-0.045456
0.030782
-0.004905
-0.023799
-0.0028635
-0.011621
-0.0010864
0.028633
-0.06127
0.020663
0.020666
0.0072574
0.025333
-0.057917
-0.057327
0.0017936
-0.051223
-0.021559
-0.0080299
-0.035635
-0.0060986
-0.00057678
-0.0047616
-0.025062
-0.028659
-0.008118
-0.054345
0.004352
0.019355
-0.024016
0.018958
-0.011989
-0.061623
-0.034768
-0.025606
-0.060869
-0.0059241
-0.0061489
-0.040305
-0.0080732
-0.059659
-0.025956
0.008672
-0.0049723
-0.051761
-0.019183
-0.058596
-0.038202
-0.027049
-0.032715
-0.045791
0.031992
-0.0089433
0.0030659
-0.001219
-0.03173
-0.049673
-0.014936
-0.035586
-0.035609
0.030457
-0.04731
0.024484
0.021833
-0.0090919
-0.00098005
0.028258
0.021357
0.0060148
-0.0079194
0.0027082
-0.028156
-0.032444
-0.013629
0.042641
0.030209
-0.0064114
-0.0023921
-0.018269
-0.014256
0.023604
-0.024385
-0.031869
0.03375
-0.0079903
0.020862
-0.022527
-0.048823
0.034893
-0.01398
-0.011242
0.028645
0.016878
-0.045133
0.0091819
0.001199
0.0093552
-0.019955
-0.024265
-0.033778
0.02856
0.019341
0.040643
0.015201
0.036654
-0.0018986
0.045177
0.041653
0.039277
0.044865
0.0027873
0.050766
-0.031479
-0.027677
-0.044206
0.024634
-0.0026519
0.037809
0.026363
-0.032723
0.036563
0.033975
0.03343
0.0062788
0.023713
0.049479
0.052866
0.023144
0.0031512
-0.023315
0.033667
0.0064148
0.0041576
0.00015683
0.021853
0.0072139
-0.0018704
-0.016525
0.0071043
0.0076506
0.016647
0.025381
-0.014228
-0.0053876
0.019025
-0.01334
0.057343
0.036757
0.086812
-0.0094123
0.008812
0.060081
0.019836
0.039527
-0.002353
0.083004
0.026541
0.061177
0.018699
0.019598
0.056721
0.10507
0.051014
0.014943
0.10121
0.036849
0.059
0.098074
0.058629
0.023473
0.094824
0.064991
0.051019
0.087368
0.05025
0.065462
0.091484
0.079959
0.073577
0.055709
0.09718
0.10217
0.079589
0.052153
0.056746
0.084228
0.092482
0.11523
0.076675
0.063036
0.058568
0.089183
0.13008
0.15104
0.059774
0.10873
0.10815
0.11626
0.15587
0.13865
0.092384
0.11351
0.060804
0.078474
0.072633
0.14737
0.10315
0.15167
0.07903
0.13114
0.13562
0.15002
0.12967
0.099556
0.10501
0.062379
0.090447
0.11444
0.08143
0.14564
0.077324
0.14326
0.067561
0.076701
0.054559
0.096584
0.076946
0.069557
0.11841
0.065686
0.056774
0.078605
0.071614
0.1077
0.094539
0.12134
0.052822
0.10441
0.074737
0.094757
0.10439
0.055824
0.039495
0.095207
0.022558
0.060406
0.049616
0.050179
0.071308
0.070789
0.051273
0.096075
0.076432
0.058926
0.064165
0.075453
0.090278
0.068941
0.094858
0.098688
0.053528
-0.0027475
0.048977
0.087849
0.04353
0.05186
0.0052487
0.076672
0.056042
0.059993
0.05733
0.0069132
-0.0032483
0.033907
0.037353
0.079393
0.049244
0.031492
0.0039296
0.020084
0.065917
0.058353
-0.0027561
0.077416
0.072736
-0.0087124
0.011924
-0.0036814
0.054468
0.064392
-0.0020701
0.018485
0.0038709
0.066147
-0.0055492
0.057413
0.069241
-0.0086514
0.069822
0.0026394
0.055936
0.03952
0.0098691
0.016223
0.031992
0.078383
0.065478
0.031877
0.055542
0.004753
0.079038
0.073943
0.01343
0.00099559
-0.0038759
0.015621
0.0061503
-0.0089615
0.032724
0.019412
0.056406
0.033705
0.0080018
0.0057721
0.08333
0.090086
0.041113
0.091085
0.022587
0.090838
0.046841
0.084916
0.083838
0.074106
0.077998
0.038006
0.010673
0.025041
0.064409
0.090078
0.020775
0.10541
0.10058
0.055123
0.083186
0.13612
0.066785
0.14597
0.074649
0.098781
0.14536
0.16185
0.16007
0.13862
0.12116
0.19582
0.21527
0.23029
0.21561
0.26422
0.30626
0.32284
0.31477
0.33642
0.39251
0.3587
0.41672
0.41362
0.50363
0.50663
0.47625
0.5161
0.59804
0.64142
0.58696
0.68269
0.69028
0.67535
0.69706
0.75314
0.80697
0.87094
0.80858
0.91219
0.92433
0.95492
0.96497
0.95984
0.96208
1.0385
1.0619
1.0936
1.0532
1.0511
1.0685
1.1323
1.1501
1.1305
1.1531
1.0856
1.0956
1.0999
1.1516
1.1354
1.0925
1.1015
1.114
1.0528
1.1062
1.0562
1.0709
1.0572
1.0626
1.037
0.95235
0.97095
0.95557
0.97379
0.8527
0.84233
0.81844
0.81867
0.85391
0.77591
0.77535
0.76968
0.67363
0.70702
0.67078
0.60027
0.59924
0.5599
0.52657
0.57297
0.48467
0.47368
0.44432
0.45366
0.49507
0.44962
0.38877
0.35579
0.34263
0.38079
0.37172
0.33646
0.29247
0.33695
0.31379
0.26233
0.30551
0.32286
0.22068
0.22428
0.23805
0.29299
0.28081
0.20224
0.26123
0.2485
0.23543
0.16577
0.1873
0.22186
0.18682
0.15947
0.17661
0.14418
0.14819
0.20522
0.20528
0.229
0.14926
0.19688
0.18765
0.18983
0.22481
0.17318
0.18029
0.13644
0.21074
0.14255
0.16248
0.14858
0.18746
0.16032
0.12017
0.17519
0.21434
0.21158
0.15333
0.18082
0.19384
0.1858
0.14277
0.13606
0.13299
0.12528
0.14742
0.1317
0.12157
0.20115
0.12629
0.19863
0.16988
0.2071
0.14548
0.2084
0.17881
0.18632
0.16462
0.12457
0.15546
0.10755
0.14488
0.1272
0.1758
0.16218
0.15268
0.1708
0.169
0.10921
0.11438
0.11061
0.18888
0.13906
0.10741
0.13722
0.18117
0.19565
0.17972
0.15461
0.1642
0.20478
0.19721
0.19435
0.19958
0.18227
0.17009
0.13162
0.11838
0.12378
0.13405
0.13605
0.18074
0.17865
0.16919
0.16857
0.17882
0.16356
0.17118
0.14903
0.12714
0.13097
0.13413
0.17275
0.14775
0.18989
0.12528
0.21324
0.14993
0.21774
0.22247
0.179
0.19521
0.18637
0.19562
0.20975
0.13425
0.21087
0.19124
0.14919
0.17652
0.23539
0.15319
0.23274
0.17608
0.22384
0.17902
0.23316
0.19634
0.1547
0.18238
0.18397
0.23144
0.16454
0.15881
0.25173
0.21744
0.2297
0.22408
0.20084
0.2318
0.24401
0.23817
0.21339
0.20799
0.21652
0.2075
0.26528
0.22673
0.182
0.22996
0.27348
0.27052
0.26294
0.20837
0.23712
0.2728
0.22441
0.24406
0.25063
0.23383
0.27585
0.25179
0.22105
0.25346
0.27613
0.25984
0.20746
0.26216
0.20547
0.23927
0.21968
0.30022
0.28109
0.29244
0.22565
0.25199
0.24082
0.27138
0.25072
0.21496
0.2326
0.29065
0.27148
0.2669
0.31138
0.29478
0.27121
0.26513
0.31214
0.28343
0.31242
0.2291
0.26227
0.31526
0.26592
0.24412
0.28299
0.22882
0.31989
0.32228
0.30676
0.26106
0.25461
0.32268
0.26813
0.30632
0.2601
0.32753
0.31059
0.29517
0.30212
0.25103
0.24015
0.32805
0.30752
0.23972
0.24329
0.24865
0.24037
0.24752
0.30644
0.25677
0.24238
0.25216
0.28932
0.23438
0.26046
0.26708
0.25144
0.30811
0.29042
0.24276
0.2975
0.26729
0.32734
0.30599
0.32398
0.30957
0.23101
0.31427
0.25405
0.26751
0.29803
0.26113
0.28216
0.27695
0.2904
0.26206
0.31245
0.31649
0.26274
0.23209
0.24735
0.30734
0.29359
0.27141
0.27834
0.23074
0.28439
0.25171
0.289
0.25137
0.22358
0.22777
0.30371
0.24372
0.21862
0.24214
0.20506
0.26787
0.25533
0.26639
0.23337
0.20212
0.22572
0.28122
0.22319
0.25431
0.25518
0.18959
0.25717
0.28581
0.24184
0.25306
0.27868
0.25976
0.21667
0.18602
0.21478
0.24459
0.20156
0.228
0.225
0.22383
0.23906
0.19891
0.19873
0.1847
0.16663
0.20561
0.21496
0.20964
0.17406
0.20034
0.1483
0.23077
0.16902
0.23661
0.20681
0.14246
0.22705
0.2212
0.15785
0.19443
0.15141
0.19356
0.18754
0.15809
0.16279
0.1276
0.21485
0.15869
0.1724
0.19808
0.12968
0.20227
0.1206
0.16496
0.15271
0.14654
0.12205
0.18581
0.11603
0.12803
0.14665
0.15488
0.17047
0.17508
0.17909
0.17448
0.094767
0.11411
0.10896
0.11299
0.11263
0.082161
0.10841
0.097056
0.069526
0.1524
0.10309
0.1199
0.09488
0.06261
0.11337
0.096125
0.090048
0.057671
0.10154
0.14047
0.065965
0.13467
0.1049
0.11173
0.10176
0.083932
0.11373
0.061577
0.074978
0.09796
0.1152
0.058866
0.1101
0.09031
0.019761
0.10918
0.061694
0.076057
0.019242
0.087046
0.032008
0.070371
0.0053578
0.0096845
0.01665
0.088483
0.053245
0.016175
0.046693
0.09099
0.013365
0.0048169
0.065368
0.072254
0.037249
0.024897
0.022977
0.046066
-0.018636
0.046218
0.035159
0.013879
0.024337
0.054225
0.052571
-0.023993
0.0092593
-0.0002227
0.02908
0.058392
0.057267
-0.034033
0.028334
-0.015865
0.041682
-0.015099
0.021539
0.046176
0.036207
-0.034527
0.029761
0.041282
-0.022834
-0.026327
0.0051925
-0.039619
-0.010463
0.032075
0.036275
0.020778
-0.043011
-0.043679
0.0054587
-0.055591
-0.049893
-0.041929
-0.043733
-0.032374
-0.0507
-0.016536
0.00061322
-0.043169
0.011172
-0.042602
0.023956
-0.0012844
0.026875
-0.051435
0.027952
-0.047146
-0.045233
0.024676
-0.058463
0.010566
-0.030718
-0.050367
-0.031986
-0.010738
-0.0081059
-0.0012173
-0.018144
-0.011724
-0.066076
-0.016167
-0.0035116
-0.059129
-0.061168
-0.029375
-0.067045
-0.0077965
0.025931
-0.0061955
0.0040193
0.016642
-0.050953
0.012727
-0.0035299
-0.0033083
0.032796
-0.051368
-0.030254
-0.015553
-0.042831
-0.027658
0.012424
-0.042184
-0.061426
-0.053303
0.010429
0.025729
0.0081588
0.015549
-0.051845
0.010342
0.018877
-0.036595
-0.026072
-0.058648
-0.034101
-0.059392
-0.01321
0.013829
-0.019406
0.02375
0.0065805
-0.01175
0.032291
-0.016928
-0.0088954
-0.060373
-0.0015364
0.003569
-0.0062384
0.030638
0.037282
-0.0011482
0.010022
-0.033398
-0.0025005
0.014468
0.032639
-0.015704
0.014616
0.015828
-0.020368
-0.0044601
0.023404
-0.048316
-0.049108
0.012336
0.020137
0.0070009
-0.020973
-0.039617
-0.030622
-0.013072
-0.030394
0.035327
0.037236
-0.014032
-0.020563
0.040843
-0.044027
-0.033634
-0.046401
0.0046311
0.02355
-0.036534
-0.027538
0.043472
0.030356
-0.021416
-0.0030062
-0.028755
0.0031082
-0.049579
-0.048868
-0.0077524
-0.0089275
0.0031518
0.036675
-0.027754
0.04132
-0.025969
0.036505
0.025981
-0.0045035
0.0024943
-0.01742
0.01798
-0.019015
-0.046523
0.034536
-0.023978
-0.042465
0.045262
0.046829
0.034327
-0.040165
-0.033462
0.0082426
0.013905
-0.032489
-0.00067949
-0.0026413
0.043647
0.04365
-0.045254
-0.0016133
-0.029942
-0.0076773
0.0047366
-0.034766
0.041153
-0.022507
-0.032565
-0.019652
0.036228
0.016109
0.035711
-0.0098831
-0.043933
0.014931
0.0045961
-0.028203
-0.035627
-0.027331
0.025789
0.029489
-0.025227
0.015943
0.048136
0.010204
-0.031762
0.0039011
0.054232
0.012418
0.05322
-0.026888
0.024234
0.0097975
0.0044049
-0.010576
-0.0079691
-0.027245
0.0032382
0.0030953
0.0081676
0.022579
-0.023669
0.042629
0.00024927
0.03615
-0.038671
-0.0077114
-0.02689
0.033343
0.041265
-0.016481
0.059007
-0.020192
-0.018071
0.054543
-0.0043118
-0.0059857
-0.00052914
0.039081
0.021764
0.045877
-0.025397
0.045041
0.041843
-0.02091
0.030375
0.044154
0.019298
0.040354
0.0058742
0.034221
0.059638
0.042483
0.053339
-0.02707
0.040002
0.033645
0.067595
-0.015334
0.026099
-0.026851
-0.0053328
0.0056084
0.065169
0.033704
0.0465
-0.020872
0.01316
-0.014188
0.0092549
0.010423
-0.016143
0.038005
0.0069158
0.026197
0.040754
0.023766
0.043598
0.066042
-0.0067954
0.044409
0.041513
0.041239
0.021829
0.094041
0.035748
0.0078738
0.028289
0.015398
0.077985
0.091799
0.01911
0.01271
0.089305
0.092743
0.014021
0.072654
0.09444
0.044676
0.085846
0.053364
0.051765
0.12133
0.081344
0.081955
0.082512
0.095005
0.04438
0.037677
0.088142
0.11539
0.078631
0.095605
0.087342
0.10639
0.13967
0.11872
0.089841
0.087062
0.098731
0.12858
0.14137
0.096599
0.08309
0.13735
0.10485
0.077836
0.11451
0.076775
0.13515
0.12433
0.083138
0.12454
0.17015
0.15296
0.094332
0.14039
0.11963
0.12886
0.1298
0.10445
0.11085
0.17077
0.1254
0.15251
0.1222
0.10286
0.13272
0.084096
0.13144
0.09192
0.11154
0.099976
0.10948
0.17435
0.088228
0.17186
0.11285
0.11805
0.085584
0.15069
0.16854
0.12219
0.11329
0.15405
0.11606
0.087766
0.1285
0.10388
0.15549
0.10419
0.16654
0.1409
0.14059
0.14095
0.15799
0.11682
0.13628
0.082186
0.1314
0.11981
0.13691
0.077586
0.066214
0.10835
0.09927
0.14893
0.14313
0.079626
0.13189
0.054279
0.049786
0.071959
0.12813
0.042826
0.11087
0.072049
0.13099
0.081916
0.069079
0.10513
0.093672
0.0597
0.032852
0.091264
0.08402
0.07175
0.046523
0.043285
0.075699
0.023679
0.060498
0.054502
0.10012
0.10562
0.028021
0.0202
0.055927
0.10769
0.07765
0.052318
0.012017
0.017741
0.0097417
0.010112
0.052612
0.064166
0.0066792
0.078314
0.024137
0.086992
0.037374
0.049468
0.012405
0.073196
0.098847
0.0067658
0.010773
0.087026
0.037468
0.059231
0.031157
0.024457
0.040207
0.038104
0.087727
0.055378
0.027482
0.054333
0.043181
0.048298
0.012562
0.09889
0.0084239
0.050564
0.10488
0.032759
0.016464
0.054588
0.069663
0.095867
0.067293
0.059053
0.020843
0.081546
0.025866
0.11454
0.033878
0.063558
0.096392
0.072541
0.11193
0.033908
0.060723
0.12046
0.091632
0.089972
0.10212
0.051697
0.10747
0.0955
0.078425
0.073681
0.096812
0.11678
0.079856
0.11856
0.11232
0.097027
0.10333
0.064545
0.083239
0.10096
0.15111
0.17089
0.17566
0.14114
0.1143
0.22407
0.18814
0.16181
0.16441
0.26202
0.25208
0.24127
0.29589
0.29159
0.28431
0.37559
0.4036
0.3797
0.42379
0.44747
0.4191
0.4715
0.55919
0.52208
0.60034
0.584
0.63535
0.70196
0.69419
0.68204
0.6996
0.81208
0.81926
0.81254
0.80842
0.87303
0.88993
0.98583
0.98476
0.97742
1.0571
1.0463
1.0613
1.0457
1.1198
1.098
1.1564
1.1172
1.1406
1.1078
1.1242
1.1399
1.1423
1.1291
1.1658
1.212
1.1574
1.1922
1.2071
1.1741
1.1087
1.1053
1.1417
1.1501
1.061
1.1089
1.0269
1.0514
1.0224
1.0339
0.96872
0.91157
0.89519
0.85513
0.82593
0.88249
0.84364
0.83767
0.75759
0.73712
0.7269
0.68568
0.7167
0.60757
0.59593
0.60998
0.54369
0.5514
0.59365
0.54392
0.53375
0.43965
0.43787
0.41214
0.4086
0.42627
0.45083
0.41506
0.39549
0.33887
0.39283
0.36518
0.35587
0.32592
0.29411
0.31566
0.32126
0.33139
0.30574
0.29374
0.30207
0.24392
0.25935
0.29782
0.25727
0.26817
0.26209
0.27395
0.22347
0.27885
0.26842
0.19054
0.23725
0.26111
0.25261
0.27205
0.19416
0.23101
0.18723
0.25677
0.25929
0.18152
0.26705
0.24319
0.24194
0.23346
0.23576
0.21101
0.23227
0.22596
0.24068
0.17759
0.16788
0.19846
0.20509
0.25355
0.2164
0.24465
0.22628
0.23711
0.20796
0.18226
0.21564
0.16791
0.16705
0.20426
0.21219
0.15723
0.2174
0.21256
0.17726
0.20412
0.2337
0.18863
0.25143
0.22437
0.21428
0.24478
0.22136
0.20718
0.18132
0.15676
0.15217
0.16347
0.20818
0.17111
0.19944
0.1782
0.19348
0.22848
0.20665
0.20087
0.19036
0.17491
0.22822
0.22781
0.17568
0.19498
0.18967
0.18378
0.21977
0.21494
0.25348
0.17128
0.18708
0.19921
0.18935
0.17832
0.21407
0.17992
0.18365
0.22772
0.25246
0.24756
0.25465
0.24403
0.20506
0.18813
0.1671
0.2012
0.18961
0.18915
0.19901
0.17333
0.23607
0.20592
0.19289
0.24036
0.25634
0.18561
0.18563
0.20396
0.2193
0.26684
0.24168
0.20099
0.26391
0.2278
0.1948
0.25685
0.26392
0.25043
0.23679
0.28018
0.22907
0.20271
0.23695
0.23359
0.27114
0.21506
0.26832
0.20274
0.29039
0.24021
0.28368
0.21308
0.28273
0.27301
0.29239
0.22403
0.25054
0.25259
0.25775
0.23273
0.28863
0.23161
0.25596
0.23733
0.29626
0.28911
0.32213
0.25824
0.32386
0.29924
0.2785
0.32011
0.31936
0.30072
0.24603
0.26938
0.33565
0.25631
0.33559
0.2497
0.33446
0.28472
0.24546
0.28698
0.34475
0.3461
0.28228
0.33632
0.26731
0.32423
0.26987
0.2556
0.31413
0.29178
0.30362
0.33689
0.2718
0.27986
0.33337
0.32802
0.27493
0.28268
0.28373
0.28704
0.28764
0.28536
0.36613
0.33408
0.28112
0.31966
0.27501
0.29327
0.35099
0.36141
0.31596
0.29588
0.29893
0.32348
0.31576
0.29133
0.33088
0.31404
0.27479
0.36623
0.37186
0.34292
0.34552
0.34451
0.28773
0.35649
0.2783
0.27519
0.27497
0.34711
0.29537
0.31572
0.31712
0.31508
0.32646
0.32144
0.32631
0.30142
0.27607
0.28938
0.29106
0.30485
0.36274
0.31664
0.30696
0.28706
0.34875
0.27017
0.32272
0.30967
0.29648
0.35389
0.28272
0.36189
0.34179
0.29618
0.32959
0.33712
0.32023
0.30174
0.29972
0.32279
0.27943
0.33072
0.33313
0.35226
0.32358
0.33794
0.33719
0.3042
0.31058
0.29968
0.26663
0.30895
0.29679
0.26945
0.3227
0.24912
0.27141
0.27411
0.30811
0.24679
0.25988
0.27179
0.28031
0.22985
0.26368
0.29959
0.24084
0.24604
0.26791
0.24467
0.28091
0.26308
0.31227
0.21904
0.23796
0.21771
0.21387
0.26163
0.24519
0.2138
0.26326
0.20815
0.28652
0.26971
0.20474
0.19422
0.21817
0.23046
0.28126
0.23225
0.2395
0.25182
0.2131
0.20113
0.2526
0.18779
0.18629
0.21523
0.24847
0.16795
0.16616
0.23799
0.20894
0.16666
0.16533
0.24495
0.25208
0.24636
0.19508
0.17167
0.17597
0.16555
0.18711
0.18891
0.16757
0.21791
0.22767
0.17956
0.15686
0.13005
0.19792
0.17616
0.2008
0.19242
0.15139
0.12605
0.19364
0.12133
0.17059
0.16719
0.1217
0.12828
0.14569
0.19218
0.15415
0.13074
0.1541
0.18476
0.10374
0.13015
0.10896
0.17265
0.17661
0.17
0.16881
0.13283
0.16827
0.15852
0.080008
0.089508
0.14837
0.070743
0.07476
0.13109
0.13505
0.099805
0.085883
0.082948
0.14557
0.10499
0.050704
0.12913
0.10584
0.14103
0.1167
0.11021
0.0922
0.087119
0.062743
0.069062
0.11225
0.09498
0.091039
0.11463
0.071849
0.050159
0.12385
0.084752
0.02571
0.1
0.028921
0.031521
0.037383
0.017703
0.043184
0.013462
0.10094
0.10432
0.063976
0.0775
0.05922
0.10264
0.028867
0.086485
0.0879
0.0036871
0.053543
0.09227
0.0030157
-0.00099997
0.066858
0.087096
0.067668
0.019588
0.074852
0.080846
-0.013156
0.031679
0.039769
-0.015128
0.01189
0.047615
0.041427
0.047274
0.057407
0.02821
0.030174
-0.0094698
0.00027952
0.038387
0.031807
0.06406
0.0054882
-0.00057294
0.058752
0.05319
0.038451
0.010815
0.02442
0.061036
0.044009
0.030996
-0.0073137
-0.031771
0.01588
0.040361
-0.02781
0.015801
0.004255
-0.02651
0.029896
-0.00052369
0.04218
-0.028317
-0.0057816
0.013743
-0.014302
-0.014851
-0.019109
0.012637
0.016446
-0.015689
-0.030255
-0.026146
0.06378
0.018974
-0.017218
0.011697
0.020701
0.05413
0.068937
0.027021
0.0412
-0.010319
0.039982
0.0038177
-0.021474
-0.0089203
0.047867
0.0070855
0.057761
-0.0030481
0.031935
0.045598
0.067954
0.023028
-0.021694
-0.017557
0.031185
-0.010509
-0.010883
0.058991
0.067418
0.0013275
0.055903
0.005097
-0.013059
-0.018856
0.029742
0.048663
0.016302
-0.0044994
-0.0060972
-0.010988
0.060522
0.03005
0.07383
-0.016204
-0.013962
-0.023372
-0.012167
0.040036
-0.017126
0.069115
-0.010613
-0.012527
0.075157
0.025878
0.074221
0.016111
0.049445
-0.021571
0.05457
0.045827
0.057113
0.0085691
0.066369
0.0052605
0.038686
0.049963
0.035856
0.001355
0.058906
0.073334
0.036526
0.076371
0.0085708
0.017832
0.052188
0.0052862
0.034163
-0.01958
0.043167
-0.015208
0.018139
-0.015582
-0.0055426
-0.0083802
0.015893
0.028277
-0.012871
-0.0031914
-0.0096701
-0.015837
0.060058
0.036134
0.03752
0.059
0.037147
0.048085
0.043155
-0.010144
0.014255
0.010654
0.00091155
0.022856
0.020983
-0.0051838
0.068802
0.01224
0.071215
0.065339
0.024346
0.048233
0.022921
0.06706
0.012569
0.010425
3.1065e-05
0.01731
0.077988
0.0046748
0.077
0.011058
-0.0003677
0.059599
-0.0024132
0.069886
0.029031
0.05814
0.057805
-0.01516
0.0042468
0.035171
0.0034176
0.00095971
0.076909
0.041783
0.04172
0.037484
0.0080142
0.039843
0.033729
0.018468
0.067555
0.0015531
0.017446
0.038093
0.053635
0.04224
0.047998
0.022347
0.0255
0.07232
0.070773
0.054044
0.054222
0.083492
0.0017234
0.061827
0.050326
0.0022926
0.068727
0.033426
0.00046407
0.038733
0.069045
0.0046022
-0.0032958
0.01807
-0.0087029
0.064176
0.074356
0.089817
0.022256
0.043655
0.003726
-0.0021063
0.0035303
0.05452
0.089428
0.023904
0.01759
0.090341
0.081712
0.025042
0.055318
0.072942
0.028679
0.0547
0.064538
0.028351
0.088934
0.013634
0.088214
0.023054
0.070793
0.089276
0.0058433
0.024187
0.063696
0.054959
0.090638
0.039711
0.031068
0.092362
0.0060969
0.10271
0.10691
0.089487
0.012272
0.078112
0.015251
0.022437
0.069577
0.08102
0.095099
0.11386
0.072947
0.057871
0.055246
0.082918
0.099705
0.041753
0.10915
0.056643
0.055562
0.038434
0.034991
0.12989
0.10031
0.072543
0.091742
0.11658
0.10961
0.12129
0.11092
0.077354
0.11673
0.092319
0.091526
0.11327
0.093631
0.080856
0.094415
0.11947
0.071717
0.090167
0.12564
0.064377
0.10344
0.069943
0.13655
0.095026
0.17069
0.079929
0.12424
0.17501
0.082866
0.10392
0.16247
0.093197
0.15013
0.17454
0.099104
0.18028
0.13618
0.16576
0.12496
0.18647
0.099294
0.1338
0.15327
0.17989
0.19694
0.19798
0.14534
0.10735
0.13789
0.15142
0.19371
0.15538
0.13036
0.18998
0.18632
0.13451
0.10703
0.1861
0.18979
0.19786
0.13924
0.1496
0.13606
0.17592
0.15892
0.14955
0.13073
0.17059
0.15145
0.13317
0.14686
0.18915
0.12334
0.17458
0.13244
0.18625
0.1383
0.14522
0.18104
0.16352
0.16535
0.09349
0.1681
0.11154
0.085457
0.11443
0.094355
0.1612
0.11656
0.1054
0.10159
0.087914
0.17064
0.12307
0.13688
0.13274
0.070293
0.08726
0.071855
0.1148
0.069816
0.14778
0.096768
0.1052
0.091379
0.071628
0.13262
0.081471
0.14414
0.045593
0.072982
0.07431
0.13319
0.062006
0.12266
0.10785
0.069117
0.10505
0.13051
0.040731
0.1214
0.078718
0.030601
0.10878
0.05811
0.12699
0.093189
0.028925
0.087001
0.078822
0.072396
0.11966
0.061504
0.062596
0.097522
0.046073
0.053518
0.02321
0.022808
0.083945
0.099975
0.067004
0.037181
0.028903
0.10084
0.044692
0.057829
0.02021
0.093034
0.075133
0.023947
0.023574
0.087386
0.05796
0.073876
0.082492
0.10317
0.11753
0.11302
0.039343
0.084998
0.063996
0.068032
0.10437
0.11185
0.12305
0.058259
0.080463
0.05584
0.061377
0.042848
0.09375
0.078735
0.034465
0.127
0.092898
0.049877
0.12721
0.086307
0.077358
0.13358
0.062015
0.079956
0.083068
0.13407
0.11629
0.13044
0.065907
0.078297
0.10344
0.13274
0.10004
0.066717
0.13609
0.11611
0.094704
0.10714
0.13665
0.17182
0.16672
0.1026
0.13223
0.1753
0.15035
0.18617
0.23659
0.20098
0.27013
0.21249
0.24684
0.26805
0.26919
0.32117
0.28288
0.34535
0.32849
0.40852
0.40258
0.49631
0.45624
0.54501
0.5613
0.51786
0.58842
0.59895
0.60433
0.62796
0.71907
0.6855
0.72383
0.76339
0.83036
0.79584
0.82129
0.9066
0.91033
0.93322
0.98474
1.0325
0.97619
1.0174
1.0474
1.0925
1.096
1.1614
1.165
1.0952
1.1157
1.1347
1.1749
1.131
1.2017
1.1951
1.1844
1.1579
1.1649
1.1723
1.1731
1.1698
1.1546
1.1663
1.1534
1.0981
1.1103
1.0887
1.0684
1.0763
1.0148
0.95902
1.0087
0.90186
0.94531
0.85138
0.91429
0.88205
0.7894
0.76312
0.78359
0.71965
0.75589
0.72201
0.70036
0.62941
0.6217
0.59922
0.5894
0.57766
0.52145
0.56018
0.46113
0.46171
0.48031
0.41124
0.41006
0.46429
0.35932
0.43833
0.33914
0.37664
0.31914
0.29332
0.35652
0.35037
0.34426
0.25628
0.25763
0.32228
0.25314
0.2566
0.31537
0.22988
0.21406
0.29982
0.24569
0.25577
0.21968
0.25808
0.22663
0.25683
0.23456
0.21358
0.25422
0.26911
0.21701
0.27205
0.1971
0.18815
0.21106
0.23371
0.2003
0.21357
0.25493
0.17864
0.24439
0.21031
0.16387
0.19921
0.23019
0.17752
0.2134
0.17734
0.19093
0.17642
0.19253
0.1662
0.25134
0.22023
0.19662
0.25137
0.15767
0.20802
0.25114
0.19337
0.22621
0.19488
0.21673
0.18344
0.16444
0.16141
0.18984
0.16122
0.16861
0.16983
0.23047
0.18467
0.2127
0.19374
0.19666
0.16461
0.16795
0.14723
0.24379
0.24146
0.18323
0.22484
0.15146
0.1878
0.23523
0.18374
0.14881
0.1801
0.19082
0.23363
0.18574
0.16963
0.18608
0.23003
0.21175
0.16944
0.16824
0.23748
0.18507
0.19749
0.15191
0.17861
0.20407
0.16086
0.18333
0.20332
0.20525
0.22398
0.1869
0.19895
0.17069
0.18805
0.2127
0.20671
0.18146
0.17305
0.20503
0.22972
0.16835
0.16489
0.23811
0.23702
0.21462
0.19954
0.20132
0.20591
0.22779
0.19165
0.24818
0.22066
0.23105
0.242
0.25467
0.19316
0.18282
0.22286
0.27756
0.18239
0.2447
0.27286
0.18682
0.20375
0.21871
0.27257
0.22863
0.2474
0.26812
0.25377
0.27274
0.21172
0.29613
0.26319
0.251
0.26706
0.20539
0.29585
0.22373
0.29197
0.24116
0.22742
0.27154
0.28301
0.26338
0.28772
0.29757
0.24419
0.31443
0.27368
0.30383
0.25009
0.30153
0.29442
0.31229
0.23504
0.24793
0.26855
0.23705
0.28478
0.31731
0.32001
0.31259
0.322
0.24481
0.31277
0.32111
0.24139
0.2847
0.32812
0.31276
0.31754
0.25857
0.29868
0.26986
0.33614
0.27296
0.32095
0.26522
0.32172
0.34234
0.30331
0.3467
0.25948
0.28357
0.32711
0.34419
0.28795
0.27518
0.26785
0.29252
0.29771
0.3436
0.26898
0.33791
0.33036
0.29944
0.33172
0.30029
0.30534
0.33597
0.35349
0.36011
0.31431
0.27562
0.31398
0.33632
0.2771
0.30482
0.3289
0.33253
0.301
0.31925
0.29925
0.34657
0.28473
0.29478
0.27155
0.26479
0.30075
0.29173
0.29303
0.29572
0.35592
0.26864
0.27934
0.26137
0.34788
0.26273
0.27786
0.29501
0.28438
0.31445
0.3312
0.32552
0.32607
0.31226
0.28326
0.28809
0.32263
0.31444
0.28958
0.27196
0.31759
0.32078
0.2663
0.25375
0.26691
0.30431
0.25432
0.31867
0.24809
0.30391
0.28771
0.27203
0.24089
0.32967
0.27892
0.2903
0.29928
0.3033
0.28327
0.30954
0.31175
0.26405
0.27255
0.31753
0.31502
0.26964
0.31001
0.28963
0.23977
0.25818
0.22363
0.25095
0.3031
0.24835
0.23653
0.23625
0.2535
0.24154
0.29241
0.26856
0.20641
0.26606
0.20912
0.20409
0.25447
0.27894
0.28391
0.25817
0.2782
0.21605
0.18958
0.19435
0.23002
0.18975
0.17486
0.21795
0.20576
0.18862
0.23427
0.22536
0.24108
0.23895
0.25251
0.22292
0.22546
0.2327
0.20728
0.18681
0.18659
0.23785
0.19861
0.14815
0.18091
0.21673
0.18938
0.1538
0.21714
0.1762
0.17363
0.17163
0.20966
0.19769
0.13453
0.15196
0.20277
0.19988
0.11662
0.13083
0.19072
0.11152
0.11961
0.10607
0.19354
0.18365
0.14596
0.12496
0.13934
0.096862
0.13639
0.17175
0.15883
0.082082
0.13713
0.13163
0.15595
0.15067
0.085209
0.084798
0.12759
0.099568
0.11589
0.11236
0.13097
0.082302
0.072258
0.059898
0.061882
0.063871
0.054428
0.049204
0.044189
0.12604
0.10368
0.091848
0.10698
0.090364
0.04367
0.05578
0.041807
0.082548
0.11303
0.10406
0.026339
0.056798
0.10602
0.047947
0.036912
0.022402
0.032351
0.036275
0.048139
0.02712
0.036568
0.086731
0.043154
0.061658
0.081113
0.093614
0.089102
0.050887
0.017594
-0.0044558
0.062824
0.081087
-0.0030979
0.044658
-0.0060573
0.0097551
0.021138
-0.0054298
0.025874
0.055957
-0.019939
-0.0059947
-0.010881
-0.011353
0.056905
-0.0044065
0.067027
0.025211
-0.00037261
0.027274
0.0191
0.033541
-0.033979
0.032883
-0.017191
-0.030028
-0.010243
0.016343
0.016557
0.010009
0.003459
0.027828
0.045741
-0.034301
0.033163
0.0014301
-0.042005
0.0087658
-0.0078098
-0.017992
0.014659
0.041966
0.013894
0.0033713
-0.026677
0.043088
0.038918
-0.020845
0.010086
-0.01189
0.016833
0.012053
0.040585
-0.0077145
-0.031919
-0.034767
0.010712
-0.020006
0.029759
0.019636
-0.014298
0.043156
-0.037862
-0.032783
0.0096911
-0.041359
-0.030678
-0.00069279
-0.025094
-0.0064303
-0.028133
-0.032756
0.02782
0.0513
0.0037104
-0.029307
0.049589
-0.012507
-0.031858
0.05174
-0.036059
-0.037849
0.01772
-0.020844
-0.024323
0.032888
0.031047
-0.033607
0.031666
0.045818
0.024606
0.0056484
-0.029999
0.011953
0.021936
-0.041199
-0.041438
0.0014397
0.048801
0.01148
-0.034142
0.031973
0.021294
-0.027198
-0.026162
-0.043633
-0.029945
-0.00039485
-0.02521
-0.022352
-0.027227
0.04653
-0.011811
0.0089156
0.019691
-0.004732
0.036996
0.04385
0.020447
-0.036088
0.011699
-0.0062336
-0.02405
0.023895
0.020447
0.000718
-0.037091
-0.035973
-0.018567
0.021316
-0.0034688
-0.038038
0.048588
-0.041881
0.048123
-0.0048917
0.034979
0.016771
-0.0204
0.0040377
0.011396
0.032005
-0.036988
0.006724
-0.015207
-0.03626
-0.031833
-0.037672
-0.033255
0.033248
0.013507
0.0017697
0.057144
0.056283
0.055758
-0.013299
0.02153
0.044244
-0.03239
-0.040374
-0.019271
0.053221
-0.015674
0.013828
-0.015731
0.052595
0.044606
0.010471
-0.0043507
0.03822
0.026818
0.051529
0.012082
0.029703
-0.0023365
0.0047311
0.049703
-0.034066
0.036541
0.05606
-0.022788
-0.026268
0.0044829
0.052993
-0.021328
-0.034745
-0.019243
0.029787
-0.035464
-0.00048458
-0.027246
0.053244
-0.017556
-0.032005
-0.012256
0.0084341
0.043557
-0.00082535
-0.020871
-0.015581
-0.010636
0.0099868
0.030026
0.018356
-0.019626
-0.026338
-0.036552
0.032206
0.01779
0.056344
-0.00044883
0.0036374
0.062216
0.021124
0.024439
-0.030936
-0.0057069
0.039802
-0.020587
0.044708
0.0047988
0.026299
-0.0066552
0.041996
0.057463
0.031715
-0.019554
0.010097
0.021958
0.0278
-0.024563
-0.017198
-0.018847
0.013368
0.057926
-0.029692
-0.010706
-0.026923
-0.0051393
0.056712
0.0081313
0.0054935
-0.015374
-0.027743
0.033294
0.021537
0.052312
0.0069879
0.0146
-0.012031
0.053247
-0.026375
-0.028135
0.04214
0.059464
0.024849
0.053512
0.0478
0.0014514
0.048209
0.072954
0.052907
0.0096351
0.004198
0.046178
-0.0035592
0.04791
0.017379
0.0048034
0.074691
0.036435
-0.0038168
0.075193
-0.010873
0.078139
0.0096744
0.048881
0.033094
0.077954
0.07215
0.012023
0.03447
0.084641
0.030297
0.021656
0.055125
0.064069
0.03107
0.048322
0.046885
0.052426
0.0075547
0.048402
0.015851
0.03691
0.033598
0.042101
0.071889
0.03006
0.092366
0.020271
0.03799
0.079708
0.10331
0.029443
0.060748
0.027646
0.10077
0.033553
0.11945
0.085553
0.084937
0.04899
0.058455
0.081421
0.063505
0.10331
0.066964
0.11385
0.1326
0.13245
0.108
0.13188
0.1371
0.14251
0.14371
0.077801
0.09159
0.14972
0.071865
0.10441
0.069784
0.15113
0.070896
0.077451
0.068391
0.095876
0.1068
0.14468
0.1565
0.16049
0.089519
0.10681
0.16961
0.08069
0.10341
0.13187
0.12976
0.14623
0.11013
0.12571
0.15235
0.15762
0.16705
0.12685
0.17367
0.17062
0.149
0.087251
0.11615
0.17403
0.13055
0.11722
0.14099
0.13057
0.14513
0.078497
0.11022
0.16087
0.13785
0.15183
0.10169
0.065995
0.11088
0.10789
0.1563
0.088554
0.13186
0.15081
0.11822
0.12278
0.099843
0.11595
0.097959
0.08034
0.132
0.061041
0.10238
0.11564
0.13234
0.057919
0.11942
0.13422
0.099515
0.099132
0.098441
0.10959
0.029242
0.11787
0.11144
0.067191
0.091756
0.09408
0.10828
0.081152
0.075094
0.10421
0.062655
0.076927
0.041614
0.084523
0.079388
0.063812
0.080969
0.06089
0.0080181
0.070858
0.03015
0.0095619
0.076606
0.023813
0.083145
0.020243
0.052276
0.076767
0.066026
0.015482
0.069308
0.0094701
0.056469
0.080135
0.077939
0.021023
0.0021131
0.020406
0.077615
0.065171
0.039296
0.05246
0.0052416
0.084446
0.034159
0.046701
0.072357
0.079131
0.08083
0.032237
0.038231
0.047023
-0.0002499
0.077886
0.08814
0.013987
0.046609
0.042316
-0.0015034
0.072871
0.079452
0.038913
0.04411
-0.0026271
0.09276
0.055468
-0.0017161
0.097978
0.096354
0.057127
0.0040137
0.016141
0.061236
0.088166
0.03125
0.038651
0.081875
0.051513
0.10165
0.022834
0.075474
0.015241
0.046231
0.075634
0.034289
0.037952
0.028927
0.021379
0.073491
0.045667
0.043198
0.088806
0.086632
0.089217
0.087635
0.13472
0.082408
0.05613
0.12852
0.075046
0.099061
0.15996
0.10627
0.15013
0.15077
0.21588
0.18624
0.20451
0.26564
0.28471
0.24195
0.23363
0.31538
0.27663
0.31536
0.35526
0.40858
0.41329
0.41714
0.50324
0.52096
0.51625
0.54005
0.5396
0.64396
0.64798
0.69948
0.65462
0.76179
0.76949
0.7992
0.75805
0.8231
0.8706
0.89541
0.93534
0.96815
1.0054
0.98147
1.0401
1.0212
1.0959
1.0869
1.0443
1.1029
1.1145
1.1018
1.1078
1.1384
1.1914
1.1535
1.1378
1.113
1.1268
1.1899
1.1137
1.1582
1.1139
1.1497
1.0644
1.0943
1.0894
1.0909
1.0134
0.98175
0.95718
1.0305
0.93755
0.98277
0.88415
0.92982
0.91868
0.79736
0.83631
0.7997
0.79893
0.78576
0.69591
0.6582
0.68161
0.61792
0.62699
0.57458
0.58488
0.59063
0.49098
0.49233
0.44971
0.5256
0.48026
0.44859
0.39252
0.40618
0.36016
0.428
0.33983
0.37789
0.3173
0.31982
0.35176
0.30422
0.25189
0.25417
0.26914
0.31945
0.29374
0.27928
0.22415
0.2092
0.20503
0.21591
0.24378
0.18986
0.18212
0.18739
0.21511
0.22937
0.17117
0.18052
0.20281
0.15918
0.2385
0.1896
0.19255
0.16759
0.14582
0.22094
0.17164
0.16784
0.18882
0.23679
0.15619
0.22099
0.15643
0.16672
0.21657
0.20327
0.1588
0.14963
0.15237
0.19821
0.18828
0.12824
0.15524
0.21184
0.16943
0.16467
0.18554
0.20365
0.1642
0.18461
0.18228
0.13432
0.16811
0.21295
0.13992
0.18302
0.16053
0.1549
0.21373
0.14418
0.1808
0.14098
0.19186
0.20629
0.1555
0.12141
0.21178
0.1812
0.14915
0.14635
0.12922
0.16752
0.20393
0.16292
0.13531
0.12165
0.17798
0.15245
0.16707
0.16612
0.18911
0.14339
0.16851
0.1234
0.20147
0.17117
0.20666
0.14765
0.18763
0.19676
0.16697
0.14343
0.1344
0.13846
0.15047
0.14827
0.17679
0.17646
0.21206
0.20223
0.13508
0.15056
0.18837
0.19178
0.14373
0.21691
0.19125
0.17658
0.21024
0.17988
0.18671
0.18547
0.22516
0.20139
0.1762
0.18858
0.1804
0.23367
0.15392
0.21909
0.20149
0.22402
0.19929
0.23277
0.2294
0.22309
0.20726
0.21635
0.16538
0.21053
0.17598
0.16453
0.22665
0.17025
0.15952
0.2338
0.23566
0.16985
0.20254
0.17673
0.20934
0.20252
0.22824
0.22279
0.18148
0.23997
0.23732
0.18342
0.20466
0.23846
0.20248
0.24973
0.22621
0.18715
0.18634
0.18468
0.19583
0.2289
0.23606
0.24227
0.21407
0.26627
0.20408
0.266
0.29038
0.24394
0.27385
0.22996
0.24263
0.20986
0.24101
0.24269
0.25742
0.22694
0.21863
0.28341
0.29403
0.30217
0.21176
0.25193
0.2447
0.21937
0.27148
0.30141
0.30272
0.23021
0.29749
0.28077
0.29703
0.24159
0.24922
0.24671
0.23138
0.26556
0.24834
0.24939
0.32066
0.23508
0.25255
0.25835
0.27426
0.25339
0.25848
0.28765
0.24815
0.26862
0.27449
0.29714
0.30707
0.31763
0.32311
0.2436
0.25329
0.27291
0.27399
0.32553
0.27215
0.31749
0.297
0.29558
0.33109
0.33103
0.32888
0.32917
0.23639
0.3213
0.31446
0.23768
0.31229
0.32325
0.31081
0.32964
0.29063
0.25817
0.25304
0.26636
0.28624
0.28792
0.26544
0.29217
0.25104
0.27256
0.32165
0.31993
0.29905
0.32346
0.32009
0.27891
0.22648
0.2787
0.25369
0.22306
0.25921
0.31506
0.29203
0.31114
0.22163
0.29948
0.30539
0.25883
0.24993
0.21701
0.25755
0.30836
0.29636
0.29688
0.2433
0.25932
0.27082
0.23753
0.24747
0.2499
0.25423
0.25827
0.24098
0.26815
0.22592
0.26469
0.22385
0.22352
0.25143
0.2139
0.25991
0.18665
0.24818
0.19252
0.22566
0.25519
0.26667
0.19232
0.17274
0.25812
0.24857
0.24931
0.20216
0.20032
0.17057
0.2443
0.16975
0.23795
0.19418
0.21925
0.22076
0.21641
0.2188
0.24332
0.17936
0.18029
0.22487
0.20188
0.1491
0.22367
0.18775
0.18614
0.15759
0.15845
0.16825
0.13451
0.13785
0.15937
0.12744
0.13179
0.14495
0.16127
0.15949
0.16039
0.13774
0.1911
0.16675
0.17261
0.12204
0.11496
0.12561
0.18672
0.18306
0.11947
0.083156
0.1447
0.14964
0.16944
0.095609
0.1548
0.077528
0.10794
0.079472
0.10357
0.12719
0.081029
0.13626
0.061198
0.078141
0.070419
0.092196
0.065449
0.07671
0.093637
0.11553
0.099873
0.11314
0.095269
0.083196
0.087257
0.076425
0.11393
0.10819
0.036308
0.1162
0.10743
0.061763
0.11697
0.080461
0.042713
0.08177
0.10091
0.04461
0.014977
0.059213
0.053925
0.071738
0.016853
0.065865
0.044653
0.029327
0.060021
0.0048616
-0.0011839
0.011545
0.023609
0.031446
0.047549
0.048519
0.0039679
0.046731
0.056605
0.070631
0.047393
0.043934
0.019305
-0.0066583
0.058245
0.059054
-0.032835
-0.013961
-0.0093813
0.015587
-0.036902
-0.0033815
0.024228
0.0097524
-0.035622
-0.012722
-0.036113
0.016284
0.021619
0.017067
-0.00014008
0.027044
-0.05426
0.040654
-0.032128
-0.0093542
-0.056057
-0.037701
-0.032137
-0.011351
-0.023913
0.027752
-0.022132
-0.00053169
-0.048759
-0.0060758
-0.022441
-0.025187
-0.0051363
0.022883
-0.010177
-0.065375
-0.06279
-0.039319
-0.031683
-0.034476
-0.0018207
0.0043965
-0.044439
-0.050629
-0.047183
-0.020343
-0.064348
-0.07094
0.01169
-0.074439
-0.034391
-0.029221
-0.029923
-0.024282
-0.040565
-0.03779
0.013789
-0.05985
0.013309
-0.062224
-0.058717
-0.0060202
-0.072413
-0.029464
-0.012078
-0.077495
-0.022812
-0.073095
-0.059868
-0.01975
-0.073006
-0.010622
-0.074398
-0.0030453
-0.018228
0.019804
-0.010615
-0.058883
-0.0089454
-0.04176
-0.0573
-0.026258
-0.064665
0.011605
-0.067357
-0.051809
-0.074176
0.020352
-0.0012207
-0.066668
-0.01989
-0.00082852
-0.045568
-0.028854
-0.018436
-0.022275
0.0090193
-0.013851
-0.056764
-0.012756
0.012564
0.019722
-0.022486
-0.067024
0.022694
0.02078
-0.056565
-0.0052758
-0.073099
-0.05423
-0.0049298
-0.033855
-0.048471
-0.00055259
-0.017875
0.0050488
-0.017053
-0.054344
-0.0067865
-0.019765
-0.041593
-0.0587
0.024523
-0.038176
0.015642
-0.015036
-0.035204
-0.041573
0.0027973
-0.028962
-0.046997
-0.048141
0.0068122
-0.06378
-0.057656
-0.034069
-0.035583
-0.015214
-0.059386
-0.014485
-0.047997
-0.0095444
0.021559
-0.020724
0.0019496
-0.023629
-0.014684
-0.0029984
-0.019757
-0.054575
-0.036145
-0.023519
-0.0023794
-0.066583
-0.014486
-0.054054
-0.039754
-0.028191
-0.010698
-0.02814
-0.058952
-0.034809
-0.057978
-0.0090354
-0.056181
-0.015118
-0.0045065
-0.010862
-0.058996
-0.0061529
0.0052897
0.014345
0.0209
-0.015398
0.020525
-0.040885
0.0040844
-0.054676
-0.0601
0.002052
0.0059954
0.022151
0.022119
-0.047281
-0.062194
-0.043898
-0.048287
-0.027353
-0.030386
-0.027753
0.033624
-0.036986
-0.036686
0.0029737
-0.00094468
0.018822
0.0063027
-0.027257
-0.015713
-0.0061102
-0.03154
0.010709
0.019608
-0.041524
-0.018706
-0.01998
-0.020084
-0.016266
-0.053884
-0.022367
-0.024578
-0.052091
0.02188
0.023032
0.0087432
-0.00080511
-0.0058221
0.0038463
-0.048809
0.035111
-0.013962
0.014269
0.02506
0.015976
0.017201
-0.046259
0.020513
0.028576
0.02188
0.036129
-0.010479
-0.039111
-0.038366
-0.051934
-0.017607
-0.022127
-0.0050414
0.0097425
0.037617
0.013639
0.023757
0.024834
-0.04899
-0.025339
0.039319
-0.048027
-0.018275
-0.0040079
-0.025685
0.042463
-0.050156
-0.043639
0.021936
-0.021461
-0.01966
0.025295
-0.049452
-0.0037083
0.016909
0.011285
-0.047246
-0.027216
-0.040124
-0.030575
0.0020336
0.034745
0.041879
-0.02375
0.010585
-0.037623
0.034701
0.048616
-0.037342
-0.024043
0.051616
0.026908
0.021172
0.017725
0.0041944
-0.0013203
0.0098813
0.032675
0.042733
0.0094672
0.035925
0.068151
0.037981
0.003536
0.041971
0.017168
0.025891
-0.020385
0.073289
-0.007529
-0.017346
0.06212
0.024026
0.057094
0.081885
-0.0039598
0.016762
0.0019545
0.060846
0.091175
0.046184
0.035058
0.093472
0.062555
0.031514
0.057632
0.018379
0.06131
0.035258
0.094161
0.044009
0.096362
0.050752
0.022255
0.070922
0.064991
0.046857
0.043225
0.050967
0.076682
0.04713
0.12981
0.057766
0.087685
0.053726
0.11355
0.11205
0.076102
0.1296
0.06715
0.083575
0.10717
0.085163
0.13592
0.098251
0.051899
0.11145
0.10116
0.056086
0.068731
0.14816
0.10027
0.12707
0.15458
0.059199
0.11716
0.075185
0.12605
0.11455
0.10913
0.078393
0.138
0.11118
0.15185
0.099732
0.10363
0.076065
0.080239
0.11172
0.084868
0.064495
0.061347
0.086585
0.10416
0.10251
0.14123
0.12723
0.14677
0.050224
0.11467
0.13671
0.086963
0.065252
0.14143
0.044438
0.11437
0.092273
0.10503
0.095195
0.12636
0.064013
0.1108
0.079804
0.053966
0.081994
0.081647
0.10849
0.042725
0.026511
0.058188
0.067907
0.037793
0.024011
0.039514
0.10334
0.07838
0.10717
0.045711
0.060422
0.063972
0.03223
0.060089
0.01063
0.042529
0.08196
0.057121
0.037723
0.064426
0.081476
0.030289
0.036139
0.045424
0.02995
-0.0030421
0.0089024
0.030083
0.056857
0.078848
0.067344
0.052706
0.032557
-0.017672
0.060039
0.034759
-0.0047588
-0.0061342
-0.0092399
-0.0094715
-0.0013017
0.027837
0.068615
0.07219
0.063306
0.069691
0.020323
0.033513
0.025542
0.056819
-0.011835
0.062458
0.028284
-0.0096478
-0.0020043
0.054917
0.061918
-0.018964
-0.021364
0.0034928
0.055952
-0.02272
-0.018026
0.016548
0.02088
0.064851
0.063491
0.077221
-0.017501
0.022239
0.079151
0.050993
0.025659
-0.0019926
0.045445
0.067903
0.010672
0.030562
0.029103
0.051969
0.038526
0.032049
0.055301
0.067891
0.033826
0.027429
-0.0010265
0.049003
0.057486
0.016613
0.04968
0.086759
0.083331
0.080442
0.033363
0.065464
0.10796
0.059341
0.091222
0.10493
0.11223
0.095561
0.05801
0.11334
0.12872
0.13793
0.094111
0.13482
0.15979
0.11875
0.15018
0.17383
0.18024
0.18495
0.1627
0.2351
0.2822
0.21226
0.26223
0.32961
0.28764
0.33138
0.35859
0.3883
0.41337
0.4051
0.4903
0.49873
0.5005
0.50526
0.57956
0.63734
0.60089
0.65004
0.71124
0.72414
0.78353
0.76236
0.827
0.84376
0.84301
0.87327
0.92751
0.93863
0.9837
1.0359
0.99131
0.98738
1.0849
1.0399
1.0443
1.0921
1.0857
1.0916
1.0831
1.0983
1.1324
1.1708
1.1246
1.1411
1.1037
1.1009
1.1318
1.0945
1.1234
1.1112
1.0987
1.0287
1.053
1.0013
1.0165
1.0209
0.93712
1.0019
0.91915
0.91382
0.89764
0.8519
0.86901
0.82578
0.76577
0.76316
0.77037
0.73465
0.73414
0.63296
0.6751
0.60362
0.58801
0.57135
0.53198
0.54444
0.4804
0.51178
0.50646
0.46495
0.44319
0.41096
0.40035
0.4245
0.33853
0.3825
0.32782
0.30424
0.32036
0.27473
0.34416
0.26414
0.32322
0.25388
0.26947
0.25689
0.23757
0.20471
0.23103
0.22792
0.24615
0.24525
0.22248
0.17393
0.22894
0.19124
0.2055
0.17612
0.24193
0.18912
0.16748
0.22061
0.17931
0.15351
0.18481
0.20627
0.14662
0.1653
0.2053
0.17216
0.17014
0.22826
0.13108
0.19242
0.14351
0.1457
0.15927
0.20339
0.20834
0.12438
0.17926
0.12774
0.1354
0.12631
0.17206
0.18787
0.15944
0.14788
0.21653
0.18966
0.132
0.19557
0.14641
0.13245
0.16352
0.21198
0.20014
0.18709
0.11622
0.11761
0.12835
0.17816
0.14489
0.15891
0.12493
0.1823
0.18861
0.17069
0.18143
0.12628
0.13957
0.12285
0.13879
0.18062
0.12775
0.15452
0.15641
0.11251
0.15679
0.19459
0.12198
0.1404
0.14511
0.11859
0.19193
0.12465
0.1407
0.18543
0.17395
0.21011
0.18015
0.12246
0.14785
0.20288
0.21077
0.13712
0.15419
0.13172
0.20626
0.1409
0.20422
0.20679
0.12786
0.16143
0.14527
0.16689
0.19331
0.21889
0.19904
0.2175
0.21983
0.22055
0.15104
0.13787
0.21793
0.20403
0.1562
0.13667
0.19928
0.20245
0.23612
0.21133
0.19816
0.16263
0.16066
0.21994
0.20577
0.20229
0.21191
0.17699
0.24912
0.23621
0.16476
0.24792
0.24976
0.15809
0.17636
0.24763
0.19613
0.1705
0.23386
0.17479
0.2553
0.18587
0.20999
0.19766
0.23332
0.22007
0.25609
0.24701
0.25023
0.22457
0.251
0.27304
0.2791
0.23889
0.20131
0.24923
0.28074
0.28392
0.20317
0.28366
0.20848
0.22884
0.22746
0.23775
0.28693
0.24943
0.2486
0.28852
0.22632
0.20395
0.23905
0.28244
0.30632
0.27296
0.29525
0.23008
0.29355
0.24115
0.24095
0.26654
0.29276
0.29702
0.27612
0.22918
0.23324
0.28596
0.28983
0.30986
0.30982
0.26474
0.292
0.22733
0.25205
0.29087
0.24023
0.26845
0.32795
0.27234
0.25265
0.25449
0.23295
0.26241
0.25562
0.30579
0.24363
0.29034
0.3175
0.32519
0.27132
0.2896
0.32689
0.33589
0.24339
0.32252
0.31814
0.32248
0.3244
0.30752
0.23918
0.24475
0.26298
0.30309
0.2581
0.24811
0.30619
0.29962
0.31345
0.27158
0.32052
0.3336
0.24111
0.26842
0.25376
0.30547
0.33069
0.25019
0.2368
0.28843
0.28729
0.26171
0.26858
0.2409
0.2619
0.3176
0.23415
0.26918
0.25931
0.31848
0.31145
0.30447
0.29669
0.31794
0.2898
0.32247
0.25738
0.26156
0.24507
0.22363
0.26361
0.266
0.26574
0.23351
0.31373
0.29102
0.28492
0.22369
0.27792
0.27409
0.21746
0.26281
0.2089
0.25556
0.29583
0.26694
0.24115
0.24327
0.25037
0.19839
0.23563
0.23722
0.24536
0.26651
0.20714
0.2305
0.2699
0.26798
0.25714
0.26325
0.2064
0.26918
0.25888
0.2398
0.19294
0.17505
0.2619
0.22895
0.22887
0.17404
0.18154
0.20729
0.19572
0.17814
0.1596
0.19108
0.21557
0.16466
0.17834
0.18354
0.18377
0.16636
0.20695
0.18998
0.17686
0.19895
0.21119
0.17028
0.20014
0.21134
0.18353
0.20303
0.15239
0.15788
0.15514
0.14005
0.1522
0.15862
0.19003
0.13779
0.145
0.16366
0.13789
0.17491
0.17295
0.10839
0.11523
0.11655
0.12266
0.13024
0.18643
0.13156
0.14609
0.11898
0.13184
0.12138
0.12628
0.082156
0.090729
0.12969
0.086744
0.12368
0.082067
0.14491
0.064428
0.12965
0.14524
0.14807
0.12589
0.086224
0.085832
0.12087
0.11521
0.099702
0.063646
0.12899
0.11495
0.084742
0.096074
0.074303
0.10697
0.094192
0.065286
0.064469
0.051414
0.026607
0.068694
0.079896
0.020524
0.016492
0.093562
0.031253
0.042147
0.10578
0.077527
0.012782
0.070561
0.060191
0.075324
0.044744
0.06346
-0.0044169
0.013472
0.061589
0.068808
0.069255
0.063442
0.038446
0.036441
-0.0072795
0.025729
0.0050778
0.022638
0.0061219
0.023118
0.055603
0.030052
0.028622
0.029347
0.050172
0.018463
0.014682
0.052625
-0.026414
-0.010594
0.030133
0.024949
0.0089032
0.011093
-0.021818
0.0051442
0.049166
0.023447
-0.0011128
0.0017914
-0.024504
-0.028703
-0.029258
0.029768
-0.01831
-0.020631
0.040794
-0.046882
0.03451
0.00045616
0.0076574
-0.0031013
0.015718
-0.0089736
-0.040614
-0.057964
0.0069161
-0.001946
-0.0028758
-0.044032
-0.03906
-0.0519
-0.046671
0.01388
-0.033418
-0.027017
-0.0058264
-0.046911
0.010107
-0.057793
-0.025672
0.0065977
0.0042977
0.013244
-0.049695
8.1269e-06
0.028656
-0.0096183
1.5339e-05
0.00085348
0.019453
-0.028913
-0.03031
0.03346
-0.062196
-0.010226
0.031021
-0.05519
-0.025769
-0.051254
0.026934
-0.028329
-0.035011
-0.052472
-0.053736
-0.049742
0.027371
-0.056007
-0.02012
-0.028415
-0.0066669
0.019561
0.02982
-0.058337
-0.040574
0.027918
0.015452
-0.0010055
0.029516
-0.038787
0.013596
-0.052949
0.0068539
0.034807
0.037634
0.026965
0.0013128
-0.0438
-0.016432
-0.023487
0.036458
0.025781
-0.026111
0.033831
-0.035598
0.0040921
0.030961
0.022991
0.015799
0.026837
0.026053
-0.016014
-0.0089145
-0.011272
-0.013281
-0.0093665
-0.033185
0.0064947
-0.0076848
0.045206
-0.019129
-0.037166
-0.040094
0.047369
-0.022904
0.010552
-0.039981
0.034972
0.011441
-0.03557
0.013538
0.037622
-0.0076805
-0.029553
0.048515
-0.044885
-0.050353
0.020956
0.04638
-0.029856
-0.01277
0.012654
-0.038923
-0.042494
-0.041491
-0.012336
-0.020772
0.045599
0.02272
0.039637
0.028083
-0.0080655
-0.035182
-0.021954
-0.021959
-0.015549
0.048462
-0.041891
0.048877
0.036066
-0.011134
-0.015288
-0.016066
0.008375
-0.024994
0.013216
-0.019695
0.046644
0.012092
-0.034235
0.053034
0.034355
0.00264
-0.030335
0.0033077
0.022909
0.047102
0.042699
0.020526
0.0035787
-0.024389
0.0092228
-0.023028
0.00282
-0.039182
0.043983
0.047557
0.0096157
-0.032201
0.018952
0.013555
-0.024136
-0.0074626
0.045688
0.048718
-0.0044661
0.03366
0.017231
0.04446
0.049794
-0.022437
0.019476
-0.010243
-0.036289
0.019855
0.018877
-0.025732
-0.014336
-0.030398
-0.03021
0.013795
0.047879
-0.035506
0.0574
-0.024744
0.033754
0.06107
0.043567
0.0025261
0.025057
-0.02767
0.041604
-0.0096664
0.003482
0.043471
-0.013063
0.047981
-0.030654
0.0048779
0.0099263
0.036704
0.005189
0.047962
0.025889
-0.013124
0.032705
0.0017712
-0.0053488
-0.010364
-0.015198
0.042717
0.031483
0.0090184
0.014064
-0.0039134
0.0036075
-0.011258
-0.024727
-0.027209
0.026617
0.010668
-0.012272
0.016057
0.0087307
0.014448
0.036963
0.067743
0.020471
0.0063913
0.058078
0.0349
0.0010346
-0.0079412
0.032016
0.071238
0.028333
-0.0057417
0.065133
0.079599
0.010403
0.044573
0.059758
-0.012926
0.019942
0.029513
0.023198
0.025962
0.011174
0.026439
0.035387
-0.0072606
0.023747
0.0080345
0.029468
0.095356
0.019143
0.017436
0.074233
0.051251
0.074609
0.0064642
0.018343
0.10694
0.036005
0.035596
0.09303
0.071112
0.072362
0.066359
0.075572
0.11202
0.080312
0.077064
0.11803
0.11081
0.083629
0.10754
0.038228
0.055214
0.13198
0.13037
0.052284
0.041967
0.060241
0.10041
0.10217
0.11814
0.11653
0.066033
0.10592
0.11925
0.11598
0.14081
0.11782
0.13921
0.1432
0.15219
0.14525
0.12451
0.1324
0.12932
0.095604
0.15795
0.12743
0.11512
0.13117
0.16663
0.10045
0.089903
0.094015
0.13224
0.10121
0.15116
0.13079
0.12767
0.16937
0.1622
0.1656
0.1607
0.12894
0.13506
0.15358
0.090125
0.15312
0.18456
0.096467
0.11735
0.1564
0.13101
0.085552
0.17427
0.10525
0.17771
0.1173
0.15616
0.12708
0.11987
0.15406
0.13914
0.16273
0.10461
0.081184
0.16554
0.11791
0.11503
0.1101
0.11645
0.099512
0.11852
0.15429
0.15144
0.10979
0.14701
0.089183
0.11888
0.11716
0.10219
0.14959
0.11809
0.12081
0.053663
0.074827
0.061739
0.069349
0.090963
0.074778
0.067754
0.073587
0.094112
0.11755
0.069927
0.054885
0.097024
0.072358
0.035883
0.084027
0.058017
0.071495
0.060472
0.036657
0.067712
0.10456
0.03721
0.044541
0.021779
0.08102
0.024645
0.096982
0.10706
0.056586
0.056376
0.024582
0.088436
0.10706
0.04101
0.036025
0.078011
0.053776
0.026014
0.056188
0.10159
0.10425
0.0067703
0.006029
0.098198
0.030736
0.028499
0.0099021
0.03519
0.070463
0.019944
0.082639
0.021454
0.050937
0.089085
0.0063768
0.053214
0.023518
0.031419
0.02975
0.032985
0.052001
0.051401
0.091284
0.039338
0.014643
0.10928
0.077268
0.057286
0.0298
0.07535
0.0656
0.076488
0.065628
0.086939
0.11035
0.090274
0.073666
0.14905
0.14533
0.1638
0.16004
0.17192
0.15972
0.1909
0.23956
0.19609
0.26116
0.2527
0.32013
0.34312
0.33657
0.31331
0.33522
0.41289
0.42725
0.40888
0.42751
0.47026
0.57853
0.54757
0.56887
0.62948
0.67535
0.64196
0.71836
0.72064
0.76462
0.78478
0.78085
0.79771
0.89855
0.8866
0.97048
0.92127
0.97871
1.0255
0.96388
1.0201
1.0637
1.0902
1.0263
1.116
1.118
1.1326
1.1211
1.1191
1.164
1.1531
1.1739
1.1245
1.1502
1.1636
1.1491
1.0767
1.0415
1.071
1.0895
1.0737
1.0158
1.037
1.0286
0.92959
0.98514
0.9456
0.88278
0.89011
0.87771
0.87549
0.79357
0.79648
0.753
0.76557
0.74612
0.7527
0.65386
0.6732
0.62492
0.6326
0.62775
0.60097
0.52222
0.56057
0.5414
0.47639
0.43106
0.43654
0.39845
0.41468
0.43505
0.34029
0.35115
0.38691
0.3466
0.27977
0.26669
0.26805
0.29663
0.29705
0.29649
0.25126
0.23111
0.2947
0.22633
0.1893
0.20209
0.23288
0.23129
0.22784
0.21361
0.23309
0.19525
0.23997
0.16613
0.15834
0.1452
0.21606
0.19617
0.1848
0.17074
0.1968
0.13433
0.19109
0.18263
0.19054
0.19678
0.14525
0.14516
0.21336
0.19448
0.13739
0.18048
0.17583
0.1187
0.1721
0.20069
0.14376
0.17263
0.14489
0.14646
0.15126
0.12366
0.19158
0.12767
0.18058
0.16009
0.12615
0.11587
0.11676
0.16081
0.20644
0.16314
0.15457
0.18305
0.13668
0.16239
0.16694
0.12581
0.14423
0.11285
0.15479
0.16828
0.13016
0.18846
0.15534
0.19966
0.13504
0.1074
0.12472
0.1931
0.10684
0.15262
0.12153
0.16342
0.16889
0.18526
0.13701
0.12521
0.10684
0.11445
0.13023
0.11872
0.12679
0.1306
0.14752
0.10565
0.14779
0.1131
0.16992
0.11407
0.13187
0.1666
0.20066
0.1762
0.12606
0.12795
0.12359
0.17307
0.17619
0.11292
0.15502
0.15587
0.13595
0.15289
0.13315
0.15741
0.15856
0.20299
0.13171
0.15311
0.17775
0.16122
0.17246
0.19077
0.21075
0.1839
0.138
0.17242
0.21598
0.13062
0.16898
0.1932
0.20328
0.20424
0.2034
0.22435
0.21129
0.19577
0.23607
0.21347
0.2361
0.16354
0.16623
0.22913
0.16613
0.18079
0.2345
0.2337
0.17569
0.1738
0.22617
0.23642
0.23916
0.2051
0.17447
0.22739
0.20169
0.22426
0.18386
0.22028
0.20507
0.19744
0.18594
0.24849
0.23411
0.25626
0.18826
0.17671
0.25824
0.1842
0.25734
0.23584
0.21579
0.19117
0.28224
0.25907
0.20839
0.22829
0.28442
0.27605
0.20603
0.21258
0.23959
0.21368
0.22407
0.25021
0.21033
0.20053
0.26244
0.22191
0.23388
0.24036
0.27497
0.23033
0.29441
0.28399
0.22827
0.2889
0.25746
0.25009
0.24349
0.22062
0.29369
0.22909
0.22192
0.22346
0.22286
0.252
0.24484
0.23609
0.31252
0.22403
0.25193
0.27044
0.29116
0.24166
0.25233
0.28044
0.25481
0.2724
0.23164
0.24446
0.24383
0.23613
0.25916
0.22324
0.2766
0.22834
0.28602
0.22097
0.23631
0.26732
0.30011
0.30139
0.31864
0.23091
0.28556
0.25322
0.24675
0.24853
0.31405
0.2531
0.30546
0.29955
0.23462
0.30553
0.31259
0.24871
0.29847
0.24676
0.24008
0.28248
0.28154
0.27108
0.29267
0.27354
0.30101
0.23276
0.27568
0.21465
0.28148
0.28373
0.27545
0.27892
0.30012
0.21104
0.25999
0.2601
0.20681
0.27144
0.26632
0.26178
0.2279
0.2417
0.21474
0.2499
0.19692
0.2672
0.25268
0.24408
0.27532
0.21011
0.26929
0.22724
0.19357
0.24546
0.23131
0.19151
0.22418
0.184
0.17268
0.21489
0.20361
0.26411
0.2095
0.16951
0.25207
0.2038
0.17137
0.25044
0.16575
0.17212
0.15402
0.16468
0.22596
0.19413
0.15693
0.16541
0.23319
0.17843
0.20764
0.14069
0.15776
0.20411
0.16823
0.21645
0.15722
0.17983
0.20905
0.17405
0.14173
0.15658
0.19298
0.1246
0.14998
0.13686
0.16056
0.13764
0.18529
0.1725
0.17235
0.10868
0.10573
0.10326
0.14342
0.18258
0.14023
0.14378
0.14836
0.16177
0.14994
0.12426
0.13245
0.17295
0.14983
0.079236
0.08225
0.11587
0.1053
0.13296
0.13474
0.07249
0.12568
0.12594
0.10882
0.094347
0.14621
0.067597
0.051773
0.097989
0.07125
0.066292
0.098087
0.038348
0.054883
0.06376
0.05042
0.052687
0.061814
0.03916
0.041142
0.11401
0.079765
0.053265
0.054256
0.076003
0.081935
0.018394
0.03423
0.0063931
0.036545
0.053242
0.08144
0.067095
0.055347
0.0064867
0.015217
0.0013909
-0.0082326
0.065842
0.0052618
0.062612
0.050503
0.060684
0.0066922
-0.0011845
0.058683
0.024145
0.045397
-0.014684
0.015038
0.036871
-0.028224
-0.03334
0.039292
0.052394
-0.024079
-0.028071
0.020842
-0.019439
-0.031617
0.049815
0.025863
-0.04118
0.0011061
0.0043053
-0.048927
-0.048715
0.020521
0.043659
-0.024478
0.0021607
-0.00095347
-0.047647
-0.050783
-0.0092551
-0.043841
0.0086518
-0.056142
0.013431
-0.014104
0.0084217
-0.037354
0.008728
-0.057282
-0.053935
-0.04471
-0.04714
-0.033886
-0.041419
-0.0056129
0.016065
-0.076928
-0.0043456
-0.024792
-0.064627
-0.035582
0.0029498
-0.071116
-0.051062
-0.04605
-0.087332
-0.017267
-0.008504
-0.058346
-0.068535
-0.07668
-0.058518
-0.09161
-0.064699
-0.012181
0.0058989
-0.036022
-0.079265
-0.012584
0.00079053
-0.074974
-0.086477
0.0020095
-0.063536
-0.025034
-0.010862
-0.079224
-0.037468
-0.0041262
-0.068995
-0.088469
-0.04254
-0.050196
-0.0043909
-0.010626
-0.080123
-0.0047077
-0.073558
-0.040327
-0.065966
-0.02522
-0.061632
-0.063578
0.0057705
-0.067886
-0.058806
-0.008171
-0.044483
0.0026897
0.0052665
-0.073352
-0.029349
-0.078332
-0.074734
-0.05945
-0.0096542
0.0097957
-0.013167
-0.075396
-0.061922
-0.04988
-0.081404
-0.066343
0.0085337
-0.0051427
0.0039973
-0.070346
-0.016825
-0.048157
-0.05728
-0.069686
-0.054666
-0.027969
-0.043611
0.0018682
0.0075855
-0.028003
-0.014639
-0.056739
0.010903
-0.047514
-0.065261
-0.039417
0.011182
0.0078145
-0.036492
-0.0066297
-0.00017823
-0.039114
-0.067116
0.0036685
-0.0060138
-0.065499
-0.039628
-0.04155
-0.043575
-0.048305
0.018687
-0.056005
-0.0098762
-0.079388
-0.038283
-0.02739
-0.018142
-0.0052903
-0.051406
0.012767
-0.010407
-0.044699
-0.042481
-0.04392
0.002698
-0.079059
-0.013072
-0.00076135
-0.052977
-0.029471
0.0023071
-0.075418
-0.036877
-0.0061059
-0.059627
-0.046529
-0.044873
-0.039101
-0.016923
-0.022996
-0.070582
-0.064104
-0.076951
-0.0546
-0.061736
-0.00056104
-0.011905
-0.074213
-0.0040071
-0.055427
0.013758
-0.05382
-0.025023
-0.015888
-0.014821
-0.045573
-0.028514
-0.017611
-0.04229
0.0046178
-0.0735
-0.039225
-0.0078377
-0.041336
-0.02254
-0.070791
-0.010206
-0.018494
-0.060864
-0.0064744
-0.023403
-0.021543
0.0023311
-0.061484
-0.050465
-0.021065
-0.066636
-0.064173
-0.048446
-0.034956
-0.068999
0.0013774
-0.056633
-0.023095
-0.019385
-0.029859
0.0094868
-0.0019144
-0.066035
-0.062774
-0.05144
-0.040586
-0.051344
-0.042712
-0.038129
-0.043401
-0.063901
0.021659
-0.00075262
-0.0045182
-0.046084
-0.063963
-0.049426
0.017298
-0.011438
-0.063833
-0.041813
0.019936
-0.019302
-0.0040062
-0.056688
0.0012306
-0.044756
-0.05642
-0.00043455
0.028974
0.029351
-0.044228
0.0054778
-0.064832
0.00079474
-0.050396
-0.026847
-0.047761
-0.017539
0.0096273
0.010128
-0.010819
0.021963
0.035016
0.015434
0.021565
0.0023118
-0.054402
-0.020454
-0.01388
0.031036
0.024054
-0.033444
0.0023358
-0.032902
-0.034818
0.03324
0.018291
-0.031964
0.018534
-0.019611
0.01208
-0.0024568
-0.0054513
0.039619
0.035354
-0.032399
-0.030023
-0.032968
0.0059202
0.040457
-0.042875
-0.033683
0.01326
0.029528
0.048594
-0.039925
-0.014348
0.012497
0.028805
0.037779
0.041858
-0.022839
0.053501
0.052373
0.038589
0.027593
0.053293
-0.006828
0.024932
0.033431
0.059613
0.046862
0.026146
-0.0067861
0.081629
0.057514
0.056008
0.018603
0.071963
0.0022056
0.071385
0.01395
0.077728
0.043439
0.032169
0.043274
0.077236
0.10456
0.060205
0.028779
0.026139
0.039975
0.10773
0.10538
0.039439
0.033337
0.087149
0.027594
0.036502
0.12294
0.048546
0.11637
0.10193
0.084372
0.053152
0.11201
0.063642
0.12968
0.12365
0.059141
0.079549
0.06171
0.13924
0.13551
0.13597
0.049
0.13969
0.1395
0.090109
0.049558
0.13932
0.095301
0.10835
0.12523
0.073021
0.063245
0.064234
0.10627
0.12927
0.12758
0.061041
0.10583
0.07433
0.11184
0.055903
0.12383
0.090605
0.13827
0.093693
0.091228
0.05781
0.067759
0.089689
0.08955
0.044738
0.064411
0.08195
0.08961
0.13072
0.062958
0.12828
0.056253
0.055435
0.096962
0.063979
0.089973
0.11452
0.054488
0.072568
0.059281
0.076464
0.066718
0.069613
0.10388
0.039082
0.091794
0.013509
0.018671
0.063475
0.066467
0.094717
0.037167
0.062143
0.095221
0.019656
0.073423
0.060954
-0.0030371
0.08623
0.040544
0.047877
0.075753
0.011813
0.0069157
0.063177
-0.0038159
0.036925
0.022496
0.035677
0.075876
0.068188
-0.010191
0.071595
0.031071
0.010066
-0.0012506
-0.015338
-0.0026099
0.00031097
0.010513
0.028643
0.037417
0.055202
0.0019607
0.031529
0.047159
0.023479
-0.0055004
0.033942
0.034994
-0.031817
0.019819
0.058852
0.029158
-0.0040822
-0.011804
0.011843
0.06509
0.020776
0.025682
-0.028987
0.052642
0.022009
0.045845
-0.022469
-0.0070079
0.032331
-0.0094345
0.056486
-0.012143
0.030708
0.032234
0.044512
0.046943
-0.017819
0.048324
0.019749
0.019432
0.043112
0.0029471
0.0010587
0.020415
0.055616
0.048867
-0.0068219
0.052444
0.054691
0.034828
0.060747
-0.012094
-0.0096973
-0.010758
0.044983
-0.0034927
0.031495
0.022516
0.0088165
0.0021387
0.074304
0.08744
0.028368
0.075101
0.051068
0.037891
0.088013
0.077814
0.032351
0.08406
0.096077
0.098502
0.12791
0.13039
0.080204
0.11054
0.13445
0.11253
0.15309
0.19368
0.21569
0.21808
0.2518
0.26807
0.22242
0.27248
0.26864
0.35001
0.37967
0.3121
0.41288
0.42737
0.44764
0.42321
0.48513
0.50139
0.5162
0.6187
0.56205
0.64742
0.68192
0.68188
0.73055
0.75672
0.75449
0.84193
0.87414
0.88549
0.86208
0.87158
0.90372
0.98353
0.96098
0.9552
1.0086
1.0768
1.0461
1.1148
1.1269
1.0685
1.0549
1.1286
1.0848
1.0731
1.1433
1.1183
1.0866
1.0858
1.0671
1.104
1.0785
1.0811
1.1023
1.0224
1.0993
1.0442
1.058
0.98929
0.95773
0.9658
0.9811
0.89448
0.95495
0.83574
0.83979
0.81992
0.80785
0.75196
0.81488
0.71128
0.71318
0.71475
0.71322
0.65348
0.5908
0.64443
0.57061
0.60167
0.54106
0.54089
0.48978
0.42415
0.47749
0.4845
0.38319
0.35583
0.39937
0.33978
0.37205
0.29625
0.36024
0.27708
0.28503
0.26001
0.30674
0.23154
0.30212
0.21312
0.20518
0.27194
0.20784
0.25677
0.1907
0.18196
0.18993
0.19041
0.24103
0.1863
0.1883
0.19804
0.14191
0.147
0.1867
0.14111
0.17104
0.12731
0.20253
0.14582
0.15098
0.12643
0.15794
0.14485
0.15068
0.15971
0.1363
0.21272
0.12221
0.18593
0.16028
0.16396
0.14644
0.19038
0.11016
0.20213
0.173
0.13976
0.19021
0.19462
0.19781
0.13435
0.10668
0.1727
0.20136
0.19457
0.12671
0.17609
0.12464
0.11277
0.1684
0.10918
0.1097
0.10792
0.13221
0.13654
0.11812
0.16702
0.12839
0.11129
0.17034
0.1098
0.19387
0.18633
0.18771
0.11156
0.14518
0.10615
0.17481
0.18104
0.1891
0.18909
0.17729
0.16738
0.12659
0.15053
0.1843
0.098621
0.1266
0.15234
0.13615
0.12358
0.11433
0.12956
0.10308
0.16455
0.11048
0.12449
0.11484
0.16148
0.1801
0.17811
0.12317
0.1859
0.11546
0.14703
0.13274
0.10583
0.18116
0.11831
0.12795
0.11019
0.14255
0.11398
0.1269
0.20857
0.17923
0.11665
0.18237
0.14679
0.18651
0.19164
0.14269
0.1773
0.14728
0.15073
0.1586
0.16666
0.20051
0.21829
0.1365
0.19354
0.14754
0.15755
0.20576
0.21903
0.17961
0.19656
0.2103
0.18268
0.22174
0.20727
0.19035
0.15179
0.17927
0.16174
0.22097
0.21524
0.22382
0.22433
0.18161
0.20213
0.19291
0.22792
0.25545
0.17186
0.24919
0.24038
0.20354
0.21113
0.22519
0.17672
0.17307
0.22947
0.17507
0.21553
0.20694
0.20147
0.25055
0.23832
0.18167
0.20023
0.22201
0.196
0.24673
0.23975
0.19822
0.19022
0.26173
0.20883
0.28046
0.25235
0.25499
0.2359
0.19641
0.20991
0.21743
0.21747
0.20321
0.21251
0.26707
0.20272
0.26224
0.27193
0.25497
0.25276
0.23899
0.28459
0.30515
0.27596
0.27331
0.25092
0.28524
0.27528
0.26898
0.30481
0.30352
0.29551
0.24858
0.30545
0.24433
0.30352
0.26291
0.23103
0.25451
0.25685
0.2714
0.23906
0.26203
0.23458
0.30471
0.24837
0.23838
0.26379
0.27252
0.30271
0.27137
0.25239
0.23005
0.26792
0.31831
0.28843
0.30685
0.26509
0.22909
0.26516
0.24756
0.24902
0.25141
0.32086
0.31194
0.23018
0.30292
0.31712
0.3063
0.27211
0.22668
0.26387
0.29973
0.31277
0.2843
0.2525
0.30781
0.27495
0.28036
0.2945
0.23401
0.3052
0.21768
0.26475
0.29978
0.26973
0.25481
0.23084
0.26173
0.28072
0.30835
0.28336
0.21536
0.2755
0.23141
0.26895
0.28064
0.2318
0.22859
0.28609
0.22423
0.23738
0.23555
0.22622
0.2145
0.27544
0.24282
0.22399
0.2324
0.26549
0.21612
0.23529
0.23398
0.24273
0.22135
0.27597
0.21368
0.22824
0.21345
0.27211
0.18883
0.26855
0.2348
0.2525
0.1881
0.17703
0.24975
0.21183
0.20457
0.20323
0.1697
0.24223
0.17655
0.18749
0.1637
0.24443
0.18306
0.24152
0.182
0.21207
0.16166
0.15718
0.21431
0.18906
0.18876
0.16384
0.1528
0.16419
0.15018
0.21122
0.13364
0.1335
0.12983
0.15133
0.16225
0.12945
0.13548
0.18772
0.1412
0.11479
0.11986
0.18991
0.16176
0.1129
0.12838
0.11235
0.16693
0.1213
0.1761
0.12215
0.15302
0.097224
0.14903
0.1378
0.082214
0.17238
0.14501
0.12482
0.15647
0.16458
0.10352
0.09305
0.1316
0.10604
0.07204
0.13747
0.099014
0.09938
0.10393
0.13841
0.14442
0.074003
0.074786
0.13644
0.068162
0.047449
0.13028
0.13131
0.099502
0.074015
0.11981
0.039854
0.051734
0.070002
0.086601
0.030468
0.10276
0.10818
0.10728
0.09955
0.077222
0.06161
0.097384
0.043469
0.069348
0.049864
0.034582
0.049487
0.095147
0.070114
0.055295
0.0044035
0.065118
0.086545
-0.002311
0.029321
0.076784
0.041835
0.010072
-0.0077039
0.014022
-0.014995
0.0013516
-0.0032003
-0.0063327
-0.0090267
0.0015185
0.043828
0.03086
0.0021793
0.05624
0.012981
0.061751
0.04146
0.030378
-0.037663
0.048322
0.019261
-0.0075596
0.017087
-0.0090078
-0.042869
-0.013885
-0.033356
-0.026412
0.0413
-0.0075609
-0.0053386
-0.039011
0.00030055
0.0076788
-0.0062715
-0.054372
0.033991
0.028599
0.020147
-0.048736
-0.04054
-0.056833
0.022386
-0.033205
0.024143
-0.036587
-0.029541
-0.053098
-0.060935
-0.024334
-0.046811
-0.057424
-0.061211
-0.071476
-0.043993
-0.061424
-0.033474
-0.0080499
-0.030373
-0.070826
-0.0064693
-0.035108
-0.07614
-0.077353
0.015206
-0.068739
-0.04533
-0.012289
-0.030656
-0.026686
-0.051548
-0.016794
-0.05512
-0.073844
0.0048125
-0.039479
0.0055308
-0.017549
-0.011144
0.020561
-0.037888
0.0053554
0.00060326
-0.051436
-0.07266
0.010818
-0.0015407
-0.046741
-0.033362
-0.014583
-0.060117
-0.025191
-0.0096398
-0.073576
-0.062137
-0.032438
-0.029795
0.019124
-0.069086
0.0098622
-0.034114
0.00089341
-0.043642
0.01286
0.021756
-0.062201
-0.071671
-0.01011
-0.047969
-0.057994
-0.0069641
-0.033803
-0.055001
-0.045972
0.022926
0.010867
0.0097015
0.026982
0.0013353
-0.045086
0.025696
-0.055293
-0.053672
-0.0095383
-0.024179
-0.019741
-0.035631
-0.048288
-0.0048991
-0.047447
0.023876
-0.040426
-0.025013
-0.023862
-0.044924
0.032629
-0.0060634
0.030245
-0.033479
-0.040777
-0.022503
-0.021229
-0.055946
-0.023266
0.0087909
0.0042802
-0.045429
0.035335
-0.0040657
-0.011565
-0.0067865
0.027842
-0.010293
0.029564
-0.059447
-0.004489
-0.052966
-0.039268
-0.0020366
-0.0020153
0.0335
-0.041141
-0.040339
0.0072601
-0.021441
-0.029335
0.0076482
-0.039507
0.032657
0.0076768
-0.036863
-0.047403
0.015062
-0.018056
0.00698
0.0055931
-0.0069862
-0.0099761
-0.038598
-0.058997
-0.042392
0.014682
0.031846
-0.0020654
0.019084
-0.027095
-0.0044992
-0.012617
-0.039955
0.0074439
0.027913
0.036746
0.0028634
-0.0053616
-0.01927
-0.047258
0.028084
-0.04685
0.015206
-0.05254
-0.019799
0.0070473
0.0075237
-0.038592
-0.022474
0.013831
0.019688
0.0091621
-0.048954
0.035286
-0.015662
-0.014449
-0.020839
-0.003304
0.0014915
-0.019135
0.020434
0.035508
0.018794
-0.021893
0.020445
-0.044701
-0.022846
-0.0087816
-0.044994
-0.029276
0.017041
-0.038415
0.032863
-0.008259
0.046992
-0.050216
0.029665
0.014818
0.027696
-0.020974
-0.041919
0.031838
0.029577
0.0068083
-0.036102
0.038601
0.0063712
0.048974
-0.018429
0.048649
-0.046986
0.038594
0.014755
0.024115
0.047718
0.017894
0.0031479
-0.021993
-0.043367
0.036799
-0.03116
-0.042271
-0.042522
0.051593
0.024009
-0.017872
-0.025048
-0.036988
-0.03195
0.0064715
-0.03869
-0.0063678
0.034467
0.053972
-0.003286
0.052987
-0.0023609
0.029499
-0.020844
0.054409
-0.003295
0.0081202
0.04534
-0.0070421
-0.023599
-9.9311e-05
0.04479
0.064355
-0.024114
-0.009553
0.052902
0.012575
0.0013931
0.035348
0.054825
0.015321
0.019509
0.036358
0.039348
0.053329
0.03368
0.074124
0.070013
-0.0058393
0.081749
-0.0098325
0.029477
0.015265
0.062276
0.054373
-0.004244
0.0071334
0.083872
0.083341
0.058682
0.047784
0.0086361
0.05222
0.028785
0.027765
0.047135
0.079199
0.099223
0.073525
0.10511
0.036675
0.05019
0.022369
0.038743
0.11014
0.04903
0.10055
0.11348
0.058692
0.07968
0.044911
0.085164
0.070109
0.051556
0.10567
0.044628
0.052529
0.079012
0.1179
0.078257
0.098187
0.077093
0.092323
0.07665
0.070842
0.11319
0.1234
0.15635
0.11083
0.099133
0.084302
0.10778
0.13034
0.13459
0.094435
0.15434
0.11884
0.070195
0.088128
0.12903
0.13776
0.10942
0.097787
0.14037
0.126
0.077308
0.089077
0.081497
0.1306
0.10944
0.16866
0.093382
0.133
0.1618
0.083157
0.14913
0.16957
0.15556
0.13701
0.15384
0.13441
0.14784
0.1704
0.1614
0.094613
0.1678
0.11046
0.096967
0.13516
0.075309
0.1414
0.080002
0.1016
0.079792
0.14801
0.13532
0.10067
0.096722
0.090392
0.096261
0.076026
0.054652
0.069259
0.14321
0.069424
0.073807
0.085901
0.064278
0.080814
0.044877
0.078289
0.12587
0.084864
0.1182
0.0355
0.10863
0.11775
0.11841
0.11024
0.047187
0.059668
0.059077
0.10531
0.090882
0.10676
0.077475
0.08251
0.10605
0.071263
0.032155
0.095724
0.10961
0.10208
0.015192
0.085851
0.064933
0.059049
0.029698
0.085937
0.072691
0.066196
0.018846
0.094143
0.062021
0.015713
0.0079369
0.066403
0.059572
0.067017
0.043179
0.051695
0.075898
0.054473
0.059723
0.084103
-0.00054532
0.031372
-0.003666
0.091
0.051267
0.033558
0.074725
0.068049
0.040013
0.0034817
0.00033228
0.047245
0.047016
0.015805
0.024188
0.074671
0.012589
0.026748
0.031595
0.08978
0.013221
0.011291
0.048486
0.076917
0.025793
0.054855
0.08016
0.0083267
0.052645
0.10415
0.082575
0.015778
0.076425
0.097855
0.064572
0.051314
0.10173
0.029829
0.047218
0.073546
0.019251
0.083595
0.064616
0.056721
0.10244
0.09466
0.10268
0.11645
0.10056
0.049403
0.1095
0.078389
0.054726
0.083529
0.097065
0.048691
0.13471
0.14684
0.099308
0.16394
0.08825
0.10317
0.12011
0.18553
0.12861
0.19188
0.15038
0.18525
0.1987
0.24833
0.24606
0.22432
0.23285
0.26596
0.33822
0.29651
0.32919
0.38543
0.36318
0.38684
0.40009
0.42302
0.44384
0.5557
0.57064
0.60528
0.61363
0.59061
0.65609
0.68431
0.68349
0.72087
0.73223
0.78248
0.81597
0.85489
0.91942
0.90864
0.98652
1.0004
0.98371
1.0238
1.0163
1.0438
1.0322
1.1217
1.0847
1.1449
1.1001
1.1195
1.1436
1.1683
1.139
1.1598
1.1586
1.1852
1.1781
1.1456
1.1766
1.1018
1.1267
1.0845
1.0809
1.1022
1.0884
1.1242
1.0952
1.0257
0.97257
0.99371
0.97207
0.92616
0.9777
0.88733
0.93854
0.87842
0.81276
0.78525
0.80231
0.80786
0.71869
0.67749
0.71719
0.70846
0.68831
0.637
0.65237
0.5921
0.56543
0.52137
0.5428
0.53484
0.44613
0.44603
0.46086
0.43439
0.39492
0.37059
0.36407
0.40497
0.35746
0.39105
0.35611
0.3762
0.36026
0.32791
0.36226
0.32814
0.26549
0.2873
0.25408
0.25606
0.24515
0.31384
0.30843
0.30588
0.21976
0.29254
0.21359
0.28431
0.27681
0.2616
0.24297
0.25203
0.19479
0.27554
0.22434
0.2003
0.19325
0.27361
0.20442
0.23584
0.25236
0.20704
0.18769
0.23687
0.21564
0.27748
0.20624
0.24982
0.18707
0.22869
0.25027
0.17971
0.23885
0.21772
0.25925
0.21111
0.2646
0.27041
0.24807
0.24563
0.17883
0.24177
0.17344
0.23697
0.26315
0.18675
0.17946
0.25266
0.20778
0.24886
0.21139
0.21833
0.22178
0.25759
0.17778
0.17044
0.22008
0.20684
0.26331
0.21579
0.21281
0.16889
0.22644
0.19731
0.24159
0.17616
0.21951
0.24365
0.18152
0.26167
0.20614
0.23426
0.24058
0.24339
0.19668
0.21167
0.18033
0.18855
0.19774
0.2316
0.24219
0.21243
0.2518
0.18936
0.26691
0.20019
0.22619
0.26954
0.23134
0.27483
0.2395
0.19764
0.22811
0.25606
0.20284
0.27888
0.22066
0.22636
0.2129
0.26655
0.1987
0.26839
0.25711
0.24282
0.24298
0.20834
0.22287
0.24967
0.20704
0.21882
0.20675
0.24164
0.20355
0.21202
0.26279
0.25771
0.22756
0.26999
0.24667
0.26137
0.25488
0.30205
0.21157
0.23254
0.26916
0.24095
0.24087
0.22785
0.25375
0.24271
0.26415
0.2611
0.29699
0.28785
0.29351
0.27828
0.26878
0.23697
0.25791
0.31193
0.2838
0.30311
0.24996
0.27852
0.33141
0.29831
0.33939
0.3347
0.31584
0.33463
0.34448
0.26425
0.25318
0.25629
0.3304
0.32935
0.32778
0.25669
0.3364
0.31908
0.34724
0.26589
0.28139
0.28023
0.31943
0.30082
0.26567
0.34052
0.33518
0.29423
0.3499
0.27887
0.3115
0.36339
0.36215
0.338
0.30737
0.31057
0.29986
0.31916
0.3161
0.34304
0.27976
0.28722
0.34484
0.37509
0.29215
0.37837
0.28626
0.35279
0.31515
0.32687
0.35967
0.34947
0.29851
0.3465
0.30153
0.33542
0.33771
0.3516
0.38424
0.31436
0.33726
0.29511
0.29726
0.35294
0.29783
0.37188
0.3124
0.37768
0.32178
0.34155
0.31754
0.3092
0.29926
0.36469
0.35828
0.35405
0.31793
0.34407
0.37394
0.34602
0.35826
0.29771
0.32373
0.28398
0.29443
0.38149
0.33671
0.29924
0.28897
0.32608
0.36423
0.37523
0.2941
0.35869
0.29043
0.34878
0.36641
0.33594
0.2817
0.34648
0.3457
0.28689
0.35972
0.29192
0.36737
0.34036
0.34651
0.30058
0.28306
0.27186
0.34202
0.27368
0.32406
0.30473
0.31769
0.25727
0.30021
0.31568
0.30652
0.35019
0.32845
0.25938
0.33295
0.29476
0.27452
0.26901
0.25701
0.28447
0.25475
0.26463
0.3002
0.30077
0.27747
0.23953
0.29369
0.24313
0.3222
0.31904
0.24118
0.31008
0.3119
0.26735
0.31176
0.23515
0.21413
0.22683
0.30689
0.28419
0.28222
0.26173
0.25993
0.22497
0.24632
0.27409
0.23982
0.27784
0.19798
0.24835
0.22281
0.27452
0.25134
0.18536
0.25864
0.19682
0.20251
0.26828
0.23831
0.20196
0.16948
0.20968
0.23347
0.19129
0.18336
0.17377
0.17437
0.2096
0.22484
0.22388
0.16925
0.1506
0.14949
0.20423
0.21587
0.1984
0.13403
0.23108
0.18482
0.19069
0.2257
0.18796
0.14968
0.14289
0.15043
0.13287
0.1439
0.19783
0.1146
0.17681
0.16333
0.20348
0.1131
0.15511
0.18154
0.13451
0.17865
0.17887
0.15875
0.12183
0.14563
0.087943
0.17495
0.08377
0.096909
0.10048
0.14396
0.12064
0.12683
0.13575
0.13788
0.11492
0.14338
0.069948
0.13733
0.15204
0.086441
0.066628
0.12589
0.060097
0.10123
0.14488
0.13451
0.13211
0.083944
0.12222
0.10606
0.13831
0.086512
0.058842
0.10475
0.13132
0.10685
0.082518
0.096131
0.053905
0.08909
0.06429
0.11868
0.11146
0.083008
0.032819
0.032262
0.090975
0.06287
0.064842
0.036756
0.075563
0.049734
0.099237
0.10304
0.10463
0.016978
0.011418
0.0056869
0.045308
0.065859
0.095536
0.086555
0.073282
0.0056643
0.087317
0.027083
0.0036046
0.07627
0.043159
0.090532
0.019581
0.070761
0.046355
0.0047921
0.010573
0.086268
0.069939
0.03044
0.075822
-0.0095637
-0.01141
0.073343
-0.006327
0.0028399
0.074762
0.026815
-0.012747
0.020936
0.033945
0.06275
0.072884
0.0017747
0.060279
0.042715
0.06564
0.035746
0.041605
0.059726
0.067673
-0.010562
-0.014021
0.026681
-0.019622
0.044831
0.028514
0.019781
0.038971
0.039236
0.047079
0.029015
0.065387
0.080102
0.062979
0.053475
-0.017731
0.061182
0.073859
0.059338
0.019469
0.061254
0.048174
-0.010539
-0.016804
0.046172
0.028997
0.044502
0.04512
0.043319
-0.011231
-0.0098121
0.065286
0.026721
-0.015439
0.00046472
-0.0040191
0.0032769
0.056715
0.067767
0.011744
0.082003
-0.0038881
0.02209
0.013711
0.041668
0.015845
0.053717
0.063474
0.044897
0.068818
0.049475
0.029107
0.06204
0.0039722
0.046888
0.002885
-0.0092968
0.020141
0.054791
0.069837
0.037227
-0.0011217
0.052591
0.048606
0.067863
0.039753
0.057046
0.025004
0.017031
0.081599
0.0076047
0.0013042
0.048633
0.002377
0.049055
0.052628
0.00069082
0.049311
-0.0032397
0.0099546
0.037323
0.032924
0.0015475
0.072287
0.055654
0.008999
0.004868
0.0018669
0.023389
0.02391
0.048018
0.030957
-0.0023601
0.033918
0.017021
0.044421
0.00066717
0.0022263
0.034011
0.011098
0.069137
0.014767
0.052259
0.062253
0.088938
0.079759
0.065726
0.067594
0.063521
0.087526
0.054208
0.03003
0.019561
0.077097
0.032809
-2.1097e-05
0.052308
0.0040341
0.035852
0.071749
0.066865
0.076439
0.046911
0.078094
0.005756
0.026695
0.045749
-0.0020596
0.0079001
-0.0023738
0.080085
0.027903
0.084949
0.061912
0.040584
0.0027717
0.015048
0.088673
0.094003
-0.0047604
0.086265
0.083917
0.0078265
0.060518
0.014561
0.02675
0.079818
0.040514
0.070327
0.082726
0.0082505
0.053346
0.02267
0.0060849
0.048186
0.05534
0.0023573
0.072641
0.075838
0.058733
0.0082907
0.061376
0.079123
0.07788
0.064089
0.061154
0.0076678
0.034433
0.022679
0.055482
0.0020659
0.09541
0.014163
0.068053
0.0012628
0.023992
0.084682
0.095347
0.055906
0.026592
0.057125
0.08107
0.023719
0.038419
0.026717
0.0049712
0.047892
0.024234
0.021467
0.0052349
0.013186
0.051788
0.024861
0.089165
0.024216
0.08986
0.025147
0.082825
0.027818
0.096305
0.032229
0.056769
0.10676
0.037314
0.10103
0.07807
0.054202
0.10057
0.092241
0.10623
0.059714
0.079131
0.048046
0.070394
0.08659
0.029417
0.047643
0.085147
0.093941
0.12285
0.077602
0.036038
0.0878
0.11676
0.082389
0.10058
0.12639
0.084475
0.12121
0.068293
0.11653
0.11948
0.075884
0.071776
0.07595
0.054582
0.11839
0.096669
0.059869
0.090566
0.13415
0.086238
0.086304
0.14484
0.123
0.13314
0.081409
0.070534
0.10498
0.13166
0.097372
0.076255
0.13524
0.11995
0.080814
0.14991
0.14704
0.086266
0.11444
0.088571
0.1049
0.12521
0.10836
0.090881
0.10198
0.15905
0.17581
0.18199
0.17773
0.11766
0.17066
0.19067
0.11744
0.13667
0.17054
0.10609
0.11852
0.15445
0.16561
0.14249
0.13622
0.14018
0.17545
0.14574
0.15191
0.15806
0.19565
0.11086
0.16396
0.1385
0.20737
0.1465
0.15581
0.19857
0.14127
0.11925
0.16636
0.10955
0.17611
0.15495
0.11538
0.11988
0.19685
0.18257
0.13433
0.19721
0.18698
0.13434
0.13733
0.1207
0.1731
0.13593
0.17448
0.16133
0.16548
0.13728
0.18091
0.11513
0.17021
0.11041
0.10504
0.15392
0.12943
0.16838
0.12027
0.1661
0.15158
0.14533
0.14893
0.16306
0.069939
0.14426
0.079589
0.11031
0.095939
0.12548
0.10641
0.13381
0.11994
0.061064
0.14501
0.092801
0.093647
0.094785
0.058934
0.12552
0.10037
0.1273
0.14016
0.076224
0.078044
0.066054
0.095505
0.11063
0.10787
0.085403
0.090737
0.12164
0.10335
0.090951
0.062846
0.099611
0.08482
0.086218
0.04673
0.041944
0.083579
0.09036
0.047965
0.084427
0.099673
0.12383
0.045416
0.062116
0.11744
0.077593
0.094906
0.074972
0.064522
0.082771
0.11623
0.070209
0.11951
0.061736
0.05001
0.10137
0.12783
0.043467
0.077317
0.037987
0.045564
0.040194
0.05758
0.12115
0.11361
0.06529
0.053447
0.12515
0.098553
0.11783
0.072004
0.063622
0.074737
0.11102
0.13211
0.058307
0.11674
0.13565
0.066011
0.062968
0.078231
0.13584
0.12491
0.090251
0.073029
0.11676
0.13673
0.058924
0.10537
0.087303
0.10102
0.15895
0.083476
0.13326
0.12209
0.083707
0.11718
0.13324
0.18187
0.18619
0.20385
0.20371
0.18822
0.18198
0.22509
0.19342
0.17732
0.17846
0.24473
0.28761
0.27397
0.26332
0.28538
0.37434
0.36026
0.33901
0.40727
0.45924
0.42822
0.46354
0.518
0.51783
0.59548
0.54606
0.62182
0.65688
0.64501
0.69042
0.69946
0.78566
0.83307
0.86104
0.83323
0.83716
0.84648
0.93467
0.91107
0.98298
1.0262
1.0444
1.0758
1.0693
1.031
1.0516
1.1447
1.1285
1.1367
1.1628
1.1204
1.1774
1.1552
1.204
1.2036
1.1582
1.1767
1.1712
1.0955
1.1199
1.1727
1.1008
1.1498
1.0999
1.1168
1.0631
1.072
1.0217
0.9824
0.95107
0.99752
0.96012
0.92898
0.84923
0.8466
0.87024
0.83323
0.75776
0.71845
0.71778
0.74307
0.66253
0.64599
0.59814
0.65797
0.6207
0.60146
0.59392
0.50834
0.5441
0.49448
0.49019
0.4625
0.43018
0.45804
0.37266
0.37036
0.35116
0.4128
0.36488
0.31199
0.31604
0.38066
0.34659
0.27404
0.27455
0.29622
0.2512
0.29139
0.2541
0.24896
0.22734
0.2471
0.21554
0.25006
0.26031
0.22788
0.25081
0.24871
0.27864
0.23538
0.22047
0.2159
0.24527
0.21452
0.24322
0.27327
0.24539
0.25803
0.2769
0.222
0.20946
0.26688
0.19314
0.23796
0.25926
0.25014
0.18372
0.251
0.23983
0.24958
0.20368
0.19477
0.26959
0.22745
0.24559
0.26804
0.21681
0.23045
0.18097
0.23802
0.18144
0.21605
0.19095
0.20105
0.19726
0.19745
0.16348
0.23709
0.21383
0.19501
0.20651
0.1752
0.17461
0.16606
0.18234
0.22329
0.17248
0.232
0.21526
0.17994
0.21059
0.2087
0.22353
0.1794
0.18046
0.21352
0.23028
0.23902
0.17926
0.17153
0.24332
0.22763
0.17306
0.20225
0.18072
0.17082
0.17403
0.2451
0.25346
0.23209
0.16812
0.23596
0.17208
0.22539
0.25069
0.25091
0.26089
0.17081
0.23302
0.24047
0.24263
0.20211
0.2327
0.17044
0.23106
0.25765
0.26719
0.215
0.23501
0.26946
0.22686
0.21471
0.18508
0.23988
0.24675
0.18337
0.22914
0.22328
0.26979
0.25991
0.22279
0.20942
0.19452
0.23045
0.23605
0.28039
0.24996
0.25766
0.24599
0.20661
0.29163
0.26685
0.23427
0.22805
0.21564
0.25173
0.2463
0.26747
0.28328
0.2724
0.24388
0.3002
0.21162
0.26371
0.24313
0.29893
0.25647
0.28449
0.25961
0.26706
0.30339
0.25563
0.22771
0.24221
0.271
0.31643
0.28482
0.24128
0.3276
0.25995
0.26963
0.28251
0.25495
0.24647
0.24854
0.31181
0.26962
0.28757
0.2503
0.2536
0.33734
0.25759
0.31336
0.33498
0.30365
0.32518
0.27008
0.32427
0.31403
0.35209
0.34036
0.29059
0.28647
0.34294
0.31759
0.33448
0.333
0.30142
0.2813
0.35577
0.34619
0.3256
0.28669
0.33065
0.32877
0.3558
0.31915
0.32067
0.27982
0.27284
0.27034
0.28465
0.31362
0.31902
0.36245
0.28791
0.28931
0.34215
0.32415
0.35161
0.33575
0.30518
0.35056
0.33896
0.34942
0.31707
0.30832
0.3248
0.36124
0.31022
0.3037
0.29733
0.31115
0.29451
0.34489
0.33466
0.31452
0.28019
0.36876
0.30596
0.33888
0.32854
0.27769
0.30388
0.34109
0.35498
0.2673
0.35471
0.29186
0.30951
0.31119
0.36126
0.30394
0.33722
0.35972
0.35205
0.28247
0.30656
0.26705
0.29923
0.34216
0.27674
0.28176
0.27486
0.26919
0.31671
0.31555
0.34603
0.29394
0.28865
0.29408
0.32543
0.30406
0.30137
0.28332
0.2456
0.32006
0.2904
0.31748
0.31061
0.25779
0.27586
0.29558
0.2561
0.32253
0.26379
0.23069
0.2416
0.284
0.27837
0.22328
0.25869
0.29085
0.2556
0.25309
0.25335
0.28203
0.24881
0.24429
0.29474
0.21427
0.20451
0.26227
0.26523
0.19521
0.28112
0.23819
0.25039
0.27127
0.27767
0.21033
0.27411
0.18815
0.19473
0.25851
0.21328
0.17081
0.26223
0.25327
0.16668
0.18459
0.25171
0.19138
0.19838
0.22913
0.22981
0.17508
0.20664
0.22787
0.19283
0.21983
0.21512
0.21627
0.18854
0.18405
0.21762
0.22742
0.1576
0.17708
0.13538
0.13962
0.18672
0.20043
0.20444
0.14241
0.20862
0.19175
0.11321
0.12737
0.18817
0.17923
0.10693
0.099042
0.13247
0.18411
0.098281
0.10209
0.11486
0.12819
0.14829
0.1129
0.16602
0.1176
0.15331
0.12557
0.11215
0.093084
0.10907
0.16055
0.1468
0.10028
0.1154
0.14194
0.1187
0.12343
0.11017
0.065728
0.11446
0.11301
0.06035
0.1005
0.081796
0.10197
0.072751
0.049461
0.11045
0.085665
0.047278
0.064064
0.066402
0.053312
0.10707
0.10495
0.037696
0.024643
0.089935
0.044374
0.066495
0.094446
0.082414
0.080551
0.085317
0.04344
0.045054
0.061507
0.0060596
0.08834
0.080219
0.026811
0.074158
0.045209
0.016284
0.045875
0.054267
0.028143
0.064481
0.044108
-0.0025738
0.060161
0.073741
0.070473
0.067336
0.034138
0.070648
0.038364
0.053668
0.029482
0.06397
0.0025503
-0.012362
0.0055007
0.043578
-0.021923
-0.013257
0.023682
-0.027695
0.064463
0.020773
0.061642
0.017343
0.029851
-0.019474
0.0017479
-0.026893
0.015171
-0.0025149
-0.027168
0.032345
0.01201
0.051633
0.046872
0.049785
-0.041288
-0.026519
0.042846
0.025609
0.0098805
-0.024241
0.011579
-0.046522
0.034261
0.035899
-0.022618
-0.026635
-0.041017
-0.0083609
-0.034247
-0.016782
0.015802
0.00092413
-0.010525
-0.01823
-0.034883
0.015478
-0.02463
0.00097151
-0.013103
0.0025764
0.0095664
-0.018447
-0.02351
-0.036944
0.021605
0.0058157
0.017522
-0.012218
-0.0014348
0.014071
0.0071294
-0.039693
0.012613
0.024033
0.047707
0.054353
0.017822
0.044379
-0.0090898
0.041966
0.032266
-0.014562
0.033846
-0.032578
-0.033063
0.0013412
0.041432
-0.02231
0.022316
-0.015438
-0.017028
0.03008
0.036767
0.049671
0.0267
0.050823
-0.027375
0.034175
-0.031707
-0.00089122
0.0039195
0.025336
0.0065689
0.044521
0.032999
0.050874
0.051561
0.0037433
0.02182
0.054964
0.056382
0.047937
0.010914
0.0043468
-0.039102
0.048679
-0.0046206
-0.017557
-0.033167
0.010707
0.054015
-0.0037264
0.058126
0.040373
-0.025441
0.029172
-0.034758
-0.035915
0.037566
0.013086
0.021871
-0.01378
0.033857
-0.018675
0.04071
-0.0092438
-0.0038482
0.0043502
-0.012251
0.055359
0.0067319
0.034154
0.02795
0.02064
0.036132
0.059727
0.013874
0.025316
-0.0095514
-0.031462
-0.024972
0.023858
-0.0092457
0.013062
0.058655
0.047277
0.028782
-0.02377
-0.011051
0.012128
0.038469
0.00092411
0.061965
0.025756
0.027161
-0.031784
0.011984
0.038925
0.035579
0.047835
0.0098402
0.017883
-0.0034907
0.032795
-0.0313
0.005529
0.041431
0.026168
0.056404
-0.014637
0.0095274
0.0023802
0.052029
0.049102
-0.0058656
-0.00026669
0.015599
0.039234
-0.022376
-0.033598
0.021171
0.024092
0.028359
0.054204
0.034144
0.029956
-0.014417
-0.016127
0.054169
0.023337
0.038528
-0.015363
0.022028
-0.019716
0.052453
-0.01053
0.062529
0.028063
0.039373
-0.020001
-0.032613
-0.030106
0.01617
0.0075077
0.0086156
0.018458
-0.023998
0.0094612
0.0044108
0.015101
0.024856
-0.023629
0.023899
0.013742
0.068359
0.029993
-0.0015248
0.004985
0.058896
-0.023861
0.034636
-0.014835
0.070403
0.070074
0.041626
-0.016033
0.05169
-0.014849
0.00761
-0.013712
-0.010888
0.023387
0.014414
0.038864
-0.018242
0.055008
0.021683
0.017901
0.073615
0.028902
0.063099
0.075818
0.053014
0.0041725
0.047889
0.059536
0.054652
0.017277
0.020801
0.028073
0.058312
0.051704
0.050619
0.08291
0.03204
0.058085
0.082364
0.038846
0.052864
0.0044408
0.074588
0.03043
0.0027132
0.062821
0.075691
0.018062
0.090498
0.01901
0.083206
0.083842
0.063132
0.019607
0.018448
0.056902
0.11638
0.094305
0.10654
0.046602
0.050234
0.1246
0.033344
0.069219
0.11292
0.12563
0.079043
0.068869
0.098622
0.11067
0.06482
0.095239
0.10836
0.05571
0.050583
0.097082
0.079598
0.078253
0.061701
0.15417
0.06075
0.063477
0.061665
0.11026
0.15207
0.074401
0.075755
0.15823
0.1448
0.11518
0.099899
0.079938
0.13271
0.080578
0.13985
0.10661
0.0953
0.13329
0.14552
0.14456
0.13313
0.14205
0.082669
0.12455
0.15178
0.10086
0.078084
0.17263
0.15184
0.13693
0.15367
0.089781
0.15301
0.16361
0.1261
0.12428
0.14913
0.093726
0.14619
0.14883
0.076312
0.10101
0.073358
0.15158
0.07525
0.096048
0.088217
0.12134
0.14762
0.13932
0.13729
0.11157
0.11724
0.097499
0.084261
0.11577
0.11384
0.091202
0.055461
0.13186
0.056231
0.13209
0.056562
0.047493
0.06529
0.057903
0.058891
0.11372
0.093203
0.047269
0.11274
0.1145
0.059299
0.084758
0.026275
0.024036
0.060893
0.066737
0.039645
0.073151
0.039854
0.04242
0.0090345
0.013435
0.019117
0.013587
0.057954
0.005705
0.061071
0.053029
0.020841
0.049637
0.016314
0.090027
-0.0017445
0.043517
0.039064
-0.00085465
-0.00092035
0.045097
0.087786
0.055874
0.036109
0.049041
0.076894
0.069463
0.063195
0.038752
0.037977
0.014992
0.065298
0.031927
0.011544
0.059571
0.076113
0.046178
0.045311
0.069261
0.015775
0.027822
0.073607
0.05855
0.067522
0.017508
0.053649
0.053933
0.065415
0.090374
0.057031
0.057466
0.094407
0.062478
0.0381
0.011203
0.061495
0.087109
0.068626
0.055183
0.050373
0.027054
0.086527
0.088384
0.095625
0.039498
0.077334
0.036759
0.041128
0.10112
0.062036
0.032373
0.095975
0.038231
0.11306
0.088816
0.086167
0.10368
0.064023
0.065031
0.13074
0.10878
0.05646
0.10784
0.10908
0.11692
0.099366
0.16831
0.17715
0.12849
0.17352
0.16356
0.20769
0.2483
0.19142
0.24809
0.29249
0.32201
0.29445
0.28313
0.36117
0.37111
0.38925
0.41888
0.48182
0.46563
0.47488
0.5289
0.59472
0.59568
0.6167
0.65957
0.71039
0.65813
0.70139
0.75566
0.74964
0.76845
0.84307
0.88528
0.91524
0.87678
0.98478
0.98499
1.0077
1.0176
1.0499
1.0155
1.016
1.0825
1.1216
1.1057
1.0979
1.0845
1.1031
1.1343
1.1441
1.1278
1.1574
1.1394
1.1481
1.0852
1.0513
1.1121
1.0755
1.0396
1.0807
0.97841
1.0394
0.9789
0.93386
0.93632
0.93023
0.91196
0.86019
0.84112
0.87736
0.82857
0.7723
0.7277
0.77687
0.71309
0.68601
0.66247
0.60392
0.65783
0.63312
0.57238
0.5425
0.56978
0.49309
0.44098
0.50353
0.48288
0.46957
0.42462
0.42692
0.41406
0.39289
0.31572
0.33271
0.36559
0.33577
0.25798
0.28019
0.2245
0.28993
0.22187
0.23184
0.27044
0.19316
0.20076
0.2605
0.25307
0.18447
0.17176
0.15996
0.15906
0.18913
0.17636
0.22451
0.12596
0.20242
0.15526
0.1654
0.1268
0.1618
0.13106
0.18062
0.15593
0.154
0.12281
0.19318
0.13948
0.19398
0.18342
0.14315
0.11234
0.11493
0.18819
0.18208
0.14128
0.12153
0.13133
0.17789
0.15659
0.16386
0.1739
0.1404
0.1345
0.17247
0.1085
0.14445
0.11651
0.1321
0.16577
0.1163
0.13502
0.15985
0.15025
0.10722
0.1675
0.16329
0.09883
0.15245
0.10382
0.13899
0.16483
0.09037
0.17025
0.14791
0.1424
0.11846
0.15024
0.094001
0.095365
0.14968
0.10861
0.10346
0.10757
0.088646
0.08011
0.11522
0.17688
0.11849
0.15604
0.14027
0.088966
0.16633
0.11059
0.13018
0.17932
0.089279
0.16198
0.15358
0.13961
0.08248
0.12647
0.14278
0.17068
0.17241
0.12849
0.17586
0.14667
0.10943
0.12459
0.1258
0.10896
0.11342
0.1278
0.17479
0.17802
0.1634
0.10985
0.17367
0.17384
0.17556
0.11575
0.12536
0.17028
0.14924
0.19401
0.17617
0.14213
0.19879
0.14317
0.13584
0.14553
0.19996
0.13548
0.20334
0.16258
0.19771
0.16528
0.19957
0.18519
0.11405
0.16718
0.20448
0.12811
0.18624
0.15309
0.18564
0.20012
0.14925
0.19961
0.16361
0.21432
0.15988
0.175
0.19621
0.16997
0.21676
0.22684
0.19219
0.16725
0.23262
0.20128
0.19254
0.19929
0.15422
0.21944
0.15914
0.17728
0.23668
0.17676
0.2444
0.21138
0.20907
0.16
0.21447
0.18197
0.21843
0.17192
0.24407
0.25795
0.23522
0.20599
0.17184
0.17138
0.26613
0.22967
0.25176
0.26696
0.17584
0.24326
0.24048
0.19407
0.17901
0.19913
0.21232
0.19348
0.21689
0.23381
0.20334
0.23846
0.2601
0.25798
0.21441
0.19773
0.21195
0.28118
0.19216
0.23542
0.21145
0.27717
0.24196
0.27601
0.2042
0.21446
0.26075
0.22202
0.28094
0.2883
0.19853
0.22954
0.27657
0.20573
0.21442
0.25512
0.21591
0.22099
0.21219
0.25807
0.22737
0.22729
0.27674
0.204
0.25323
0.3001
0.29694
0.20482
0.27955
0.26523
0.28669
0.25033
0.27365
0.22552
0.29437
0.21947
0.24109
0.29258
0.21286
0.27695
0.21937
0.21144
0.28106
0.20623
0.2127
0.2583
0.23499
0.24709
0.28985
0.213
0.22062
0.21911
0.25503
0.23543
0.21775
0.20461
0.19111
0.26793
0.255
0.23692
0.27534
0.24281
0.23465
0.24793
0.21271
0.21158
0.21983
0.19195
0.26336
0.19273
0.18046
0.18404
0.24997
0.26009
0.23302
0.25204
0.2068
0.18243
0.17755
0.18283
0.25533
0.20944
0.26234
0.17547
0.1974
0.21347
0.20163
0.16341
0.18804
0.17482
0.16589
0.24674
0.2318
0.23649
0.2005
0.18515
0.19645
0.18335
0.18628
0.23496
0.14239
0.19179
0.14078
0.15715
0.18843
0.22074
0.19979
0.15022
0.15513
0.16066
0.21231
0.21432
0.12571
0.13532
0.18416
0.12322
0.17809
0.14207
0.14641
0.19157
0.1319
0.18164
0.10084
0.15844
0.1239
0.14858
0.14485
0.095928
0.13088
0.13699
0.10706
0.15719
0.15212
0.14882
0.16615
0.088265
0.11969
0.12649
0.11167
0.08686
0.11631
0.15006
0.10417
0.095997
0.099638
0.13751
0.052597
0.10403
0.07713
0.10809
0.10157
0.052246
0.09725
0.064293
0.10737
0.1111
0.074936
0.085003
0.072092
0.11631
0.060698
0.086369
0.083487
0.072362
0.015687
0.060477
0.091269
0.043121
0.041759
0.10197
0.1022
0.0028245
0.0094885
0.015128
0.0043802
0.026921
0.07102
0.07551
0.048204
0.042062
0.015997
0.046522
0.021381
0.047024
0.058266
0.039032
0.027578
-0.0049592
-0.021567
0.016716
0.00072237
-0.0017136
-0.034129
-0.014743
0.042325
-0.016616
-0.035564
-0.041056
0.015346
0.03003
-0.0017865
-0.017854
-0.045304
-0.026219
0.0097601
-0.025879
0.010042
0.026633
0.026302
-0.0085484
0.025432
-0.023464
-0.0065795
-0.029175
-0.012423
-0.00082059
-0.024099
-0.010888
-0.068056
-0.022285
-0.039001
-0.039463
-0.076469
-0.042243
-0.03502
-0.029692
-0.013202
-0.022678
-0.025541
-0.06857
-0.037774
-0.016999
-0.011379
-0.026765
-0.018121
-0.01469
-0.004091
-0.064025
-0.016964
-0.03597
-0.087915
-0.017826
-0.0011433
-0.026252
-0.034801
-0.024753
-0.097617
-0.0017414
-0.028713
-0.059203
-0.095499
-0.074656
-0.071731
-0.02048
-0.083179
-0.076114
-0.045338
-0.0090683
-0.098067
-0.052407
-0.011633
-0.0091341
-0.088321
-0.017519
-0.03283
-0.016694
-0.07537
-0.031755
-0.060802
-0.028794
-0.028749
-0.013122
-0.011188
-0.028497
-0.043536
-0.037426
-0.074562
-0.0071369
-0.020806
-0.046002
-0.025195
-0.067926
-0.053597
-0.089821
-0.041189
-0.031095
-0.047836
-0.068774
-0.064873
-0.0743
-0.051938
-0.02616
-0.059627
-0.005457
-0.064499
-0.04387
-0.0013459
-0.024111
-0.066111
-0.0047713
-0.03505
-0.067678
-0.049635
-0.045236
-0.077167
-0.017098
-0.037151
-0.05053
0.0054547
-0.064105
-0.041262
-0.071933
-0.026028
-0.044028
0.00034718
-0.051061
-0.019536
-0.0026212
-0.032146
-0.0078729
-0.082114
-0.010333
-0.090107
-0.089166
-0.055917
-0.055129
-0.0040353
-0.078101
-0.078053
-0.0051789
-0.020052
-0.039008
-0.043581
-0.059224
-0.021411
0.0070785
-0.054676
-0.068455
-0.050848
-0.0067757
-0.042939
-0.08516
0.005612
-0.047579
-0.085407
-0.045526
-0.065835
-0.028123
-0.026023
-0.038302
-0.011168
-0.0032745
-0.064097
0.006506
-0.078144
-0.05832
-0.054512
-0.061444
-0.049267
-0.084792
-0.045094
0.0057402
-0.02897
-0.073464
-0.03476
-0.067741
-0.052952
-0.0069886
0.0135
-0.043194
-0.078144
-0.057762
0.012969
-0.061816
-0.035226
0.0030258
-0.022019
-0.039215
-0.083482
-0.048868
-0.04065
-0.031519
-0.019013
-0.037649
0.0026652
-0.066422
-0.025594
-0.059649
-0.062727
-0.032116
-0.018627
0.0077703
0.0064007
-0.058441
-0.035534
-0.067245
-0.019809
-0.067035
-0.051963
-0.080371
-0.062652
-0.013935
-0.057961
-0.058799
-0.0097765
-0.0066212
-0.037342
-0.035567
-0.079511
0.017111
0.0046246
-0.041476
-0.028215
0.018406
-0.043644
0.020031
-0.028511
-0.020009
0.0039926
0.0074083
-0.05438
-0.076776
-0.020295
-0.060831
-0.02599
0.00033107
-0.059591
-0.0065475
-0.025112
-0.042089
-0.060836
-0.0041669
0.012266
-0.040254
-0.071898
0.022772
-0.0485
-0.005009
-0.011234
0.022356
-0.065215
0.020647
0.0036468
-0.031572
-0.010745
0.01719
0.013693
-0.067435
0.015426
-0.039567
-0.029884
-0.046763
-0.016919
-0.026122
-0.051769
0.020702
-0.018043
-0.0002538
-0.055105
-0.013911
-0.044385
0.015211
-0.0015143
-0.02741
-0.031747
-0.04999
-0.038306
-0.049365
-0.044815
-0.023812
0.00571
-0.046108
0.017038
0.020774
-0.047685
0.0048887
-0.062517
0.022982
0.032691
-0.0029
-0.061578
-0.012492
-0.012242
-0.031358
-0.048491
-0.035416
0.025193
0.0094796
-0.049554
0.0156
-0.0414
-0.0037886
0.010416
0.02248
-0.030903
-0.041462
0.025185
0.010561
-0.035946
-0.0083323
-0.0037906
0.040767
0.055404
-0.028136
-0.024531
-0.0088141
0.023106
0.056812
-0.03551
0.044474
0.041905
-0.0030438
0.030834
0.0039896
0.031814
-0.014814
-0.010794
-0.018156
0.0069409
0.0069487
0.067507
0.0057969
0.070011
-0.0093307
0.070933
0.085483
-0.0035233
0.040521
0.070235
0.0088103
0.076399
0.020833
0.072339
0.021702
0.10089
0.089943
0.073602
0.017664
0.10807
0.061146
0.083988
0.072797
0.0818
0.10824
0.032263
0.080032
0.064543
0.032055
0.12092
0.12038
0.056283
0.04414
0.090425
0.099436
0.048604
0.053388
0.10948
0.11435
0.054167
0.096292
0.096871
0.084805
0.054921
0.059573
0.073595
0.05859
0.13287
0.052768
0.12982
0.062731
0.073266
0.061179
0.13898
0.12956
0.11751
0.068402
0.087577
0.1291
0.10452
0.062043
0.058644
0.13937
0.097919
0.12486
0.055345
0.1254
0.050696
0.090964
0.10747
0.08889
0.0466
0.09209
0.1221
0.10372
0.073605
0.056193
0.055972
0.042018
0.03263
0.12407
0.073408
0.053355
0.062173
0.028611
0.064463
0.016973
0.07281
0.10848
0.097819
0.059478
0.012084
0.090524
0.045606
0.095281
0.064779
0.07354
0.011148
0.063557
0.034585
0.010014
0.005964
0.085543
0.044765
0.034719
0.0017074
0.056935
0.010265
0.077932
0.065163
0.072464
0.054231
0.059609
-0.0012032
0.049193
0.069889
0.0048426
0.030863
0.01447
0.0018482
0.016048
0.028529
-0.018041
-0.017725
0.029017
0.054433
0.041368
0.050745
0.051556
0.058349
0.015138
0.026573
-0.032405
0.034026
-0.030313
-0.031802
0.053197
0.047336
0.017399
-0.02972
0.0083755
0.049694
-0.025149
0.010458
-0.0079114
0.043535
0.058555
-0.03542
0.029804
-0.023361
-0.019503
0.025326
0.052133
-0.016685
0.021563
-0.02981
0.015868
0.036333
-0.0037888
0.050413
0.036285
0.067108
0.052739
0.024524
-0.016551
0.047631
0.00025458
0.011528
-0.021237
0.060713
0.015247
0.019583
0.07564
0.029851
0.036234
0.045209
0.023017
0.019264
0.030985
0.061957
0.071672
0.014646
-0.0023529
0.052708
0.052696
0.024022
0.048653
0.045949
0.081799
0.014372
0.04173
0.09495
0.020843
0.10674
0.071567
0.032998
0.10099
0.1162
0.085811
0.12434
0.075579
0.088707
0.11574
0.16141
0.12611
0.15808
0.13806
0.24802
0.16982
0.18349
0.20389
0.25026
0.31745
0.3261
0.37561
0.40559
0.41643
0.36676
0.40681
0.4485
0.53021
0.55182
0.53104
0.52308
0.61138
0.67025
0.6178
0.66526
0.69642
0.73103
0.72984
0.82372
0.83055
0.84723
0.89849
0.92666
0.92006
0.93995
1.0163
0.97263
1.0122
1.0326
1.0137
1.0579
1.1044
1.0976
1.1548
1.1344
1.0958
1.1799
1.1751
1.0916
1.1799
1.1076
1.1451
1.1334
1.0884
1.1229
1.121
1.0558
1.1106
1.0126
1.0692
1.0773
1.0565
1.0105
0.98362
0.96747
0.91328
0.91723
0.92209
0.83848
0.82937
0.78612
0.77725
0.78136
0.73918
0.74722
0.73267
0.6557
0.68078
0.59915
0.64317
0.53694
0.56953
0.53718
0.50615
0.45965
0.47101
0.47301
0.43744
0.42994
0.37817
0.35186
0.34855
0.37969
0.34499
0.30139
0.31258
0.32151
0.34574
0.25528
0.24675
0.29699
0.25594
0.21872
0.24999
0.28204
0.28018
0.19869
0.22094
0.19671
0.21281
0.21207
0.19362
0.23272
0.23346
0.1613
0.22404
0.15145
0.22838
0.15507
0.18698
0.2077
0.21801
0.14097
0.14597
0.15298
0.136
0.19197
0.17241
0.1928
0.12783
0.21081
0.21348
0.14243
0.15529
0.21717
0.18663
0.19201
0.18691
0.14295
0.13071
0.20553
0.12847
0.20517
0.15319
0.12177
0.19406
0.14457
0.15308
0.1833
0.16901
0.20596
0.1485
0.14128
0.16154
0.17158
0.1166
0.11925
0.1199
0.11782
0.16819
0.20701
0.12967
0.20873
0.15431
0.14689
0.17888
0.18673
0.19384
0.14646
0.14446
0.14159
0.1881
0.1856
0.18745
0.18754
0.11261
0.14681
0.14673
0.1231
0.11301
0.1461
0.20665
0.1839
0.15598
0.19309
0.14725
0.13793
0.17197
0.15805
0.13726
0.20506
0.11682
0.1579
0.13353
0.12811
0.12875
0.19865
0.21623
0.18132
0.14426
0.13089
0.1377
0.19164
0.14752
0.1471
0.16147
0.19332
0.18616
0.21528
0.19426
0.13294
0.14692
0.14099
0.13915
0.13816
0.15686
0.17899
0.17634
0.16988
0.19786
0.15636
0.21919
0.22289
0.19128
0.15284
0.17406
0.23639
0.1751
0.18026
0.23918
0.15493
0.2241
0.21887
0.2055
0.21059
0.25709
0.16345
0.20749
0.22906
0.25212
0.2457
0.25333
0.25744
0.25593
0.17743
0.20157
0.24803
0.17316
0.25433
0.24971
0.22249
0.25036
0.26863
0.20587
0.23919
0.25545
0.21425
0.2169
0.24615
0.21715
0.25847
0.22433
0.20921
0.26006
0.21828
0.2057
0.20258
0.23699
0.2588
0.28906
0.21369
0.2949
0.21648
0.2209
0.23195
0.25431
0.2401
0.29518
0.29993
0.29134
0.26723
0.24964
0.25763
0.23022
0.2623
0.30975
0.24704
0.31938
0.3075
0.31252
0.3128
0.24759
0.28936
0.32352
0.26843
0.24161
0.31074
0.27395
0.23016
0.32485
0.235
0.30436
0.26256
0.2746
0.3253
0.27587
0.27048
0.29975
0.24733
0.28512
0.28148
0.31189
0.33224
0.27931
0.23726
0.27944
0.24214
0.26928
0.28344
0.30176
0.26844
0.2723
0.29749
0.26744
0.26543
0.2495
0.31473
0.25549
0.33399
0.31666
0.32431
0.30254
0.24579
0.23948
0.25478
0.28098
0.23444
0.24612
0.23603
0.33229
0.30502
0.24269
0.23928
0.24963
0.28656
0.26627
0.24109
0.2472
0.30048
0.2349
0.28324
0.31615
0.3196
0.24994
0.27257
0.31889
0.23812
0.30994
0.24336
0.25592
0.23071
0.28346
0.31468
0.21467
0.28172
0.2371
0.24206
0.26676
0.29676
0.2288
0.21026
0.26317
0.27561
0.25844
0.29288
0.29136
0.26034
0.19972
0.20544
0.23098
0.24574
0.22802
0.20245
0.23316
0.27372
0.22002
0.19584
0.2284
0.19955
0.24681
0.22222
0.25122
0.18097
0.18965
0.25677
0.21216
0.17259
0.25513
0.21316
0.23979
0.18495
0.25545
0.16475
0.24839
0.20916
0.1681
0.18389
0.20026
0.23762
0.16093
0.15969
0.14526
0.21049
0.2371
0.2292
0.20014
0.18757
0.15776
0.16975
0.2163
0.19213
0.2005
0.15387
0.16076
0.12668
0.1791
0.19371
0.15514
0.12382
0.20674
0.10625
0.11793
0.12416
0.15716
0.18525
0.099996
0.10668
0.15333
0.14659
0.15597
0.10808
0.091461
0.16178
0.080528
0.081975
0.13144
0.17102
0.10863
0.16424
0.13942
0.10563
0.10569
0.14735
0.1573
0.11007
0.10824
0.12077
0.058704
0.088723
0.12219
0.061074
0.11117
0.12476
0.085094
0.087414
0.096965
0.090158
0.08029
0.04914
0.059077
0.095569
0.12161
0.063312
0.12093
0.094723
0.11103
0.022262
0.10674
0.088459
0.023935
0.1024
0.091693
0.10757
0.076825
0.081173
0.099935
0.027098
0.013112
0.022183
0.029072
-0.001745
-0.0024111
0.051294
-6.6719e-06
0.01284
-0.0095957
0.0014527
0.0098189
0.0278
0.049614
-0.0060667
0.028662
0.059202
-0.0064702
0.057383
0.066472
0.039808
-0.0019718
-0.0062675
0.03204
0.0048546
0.05033
-0.026362
-0.014666
-0.036112
-0.012708
0.049588
-0.02522
-0.039906
0.048753
0.014786
0.04496
0.0042893
0.048827
-0.043301
0.0019056
-0.0020759
-0.050113
-0.019299
-0.045976
-0.035011
-0.0049985
-0.042856
0.0026295
-0.032034
-0.051511
-0.0099326
-0.0047337
-0.010806
-0.048739
0.021776
0.024069
0.008241
-0.051894
0.037944
0.036047
-0.036895
-0.019435
0.035075
0.027567
-0.035449
-0.0072463
-0.022783
0.018463
0.00774
0.038141
-0.041522
0.02371
-0.010483
0.0058827
-0.046696
-0.039853
0.038725
0.036682
-0.04316
-0.028805
-0.019024
0.0044421
-0.041369
-0.028684
0.037476
0.0072995
-0.039543
0.020247
-0.01424
-0.0008627
-0.034497
0.0056123
0.021243
-0.0037131
-0.017774
0.0070981
-0.0041306
0.0175
-0.039973
-0.021544
0.0074833
0.0095355
0.030958
0.001244
-0.0055089
0.003012
0.011791
0.010584
0.042431
0.027991
0.015279
-0.0053075
0.039848
0.0091751
0.011615
0.032566
-0.0066002
0.011914
-0.0056115
-0.017495
-0.0058271
-0.035952
-0.034616
-0.01927
0.041796
0.03723
-0.034541
0.020999
0.028945
-0.01826
-0.044666
0.038009
0.043196
-0.011559
-0.024627
0.031084
0.044734
0.031064
0.0025015
-0.034499
-0.0070589
0.023488
-0.030025
-0.033202
0.012356
0.050314
-0.0056543
0.035024
0.022127
0.0042668
-0.0099565
0.0050941
-0.017973
0.017317
0.028619
0.026262
-0.00096188
0.044494
0.045668
0.0080054
-0.014601
0.0040256
-0.035813
0.017577
0.006045
-0.00084469
0.044736
0.039545
0.028611
0.0050921
0.054535
-0.031674
-0.036833
0.025838
-0.042331
0.013885
0.019202
0.013249
0.0067168
0.0022227
0.01603
-0.0058619
0.0072362
-0.03538
-0.039734
0.048705
0.033204
-0.035824
0.043566
-0.0077425
-0.011566
-0.018508
-0.0095675
0.0058958
-0.033071
0.037999
0.011397
0.033486
0.053229
0.045759
0.03358
-0.036789
0.00076046
0.01974
0.051299
-0.029842
0.040251
0.0012396
-0.009363
0.061555
0.016237
0.055248
0.03749
0.0032707
0.04562
0.047721
0.052161
-0.022137
-0.021032
-0.025096
0.014824
-0.027642
0.058046
0.0028475
0.04414
-0.012146
0.0018667
0.0056352
-0.031489
0.025731
-0.031575
0.04958
0.059869
-0.015136
-0.0029408
-0.015796
0.020598
0.058805
-0.021132
0.035255
0.057513
0.0018118
-0.018155
0.0089002
0.035621
0.010313
0.017095
0.040419
0.020619
0.055045
0.018402
-0.0085232
0.014169
0.052314
0.02498
-0.027487
0.041903
0.0023666
0.019693
0.057565
0.063857
-0.0052249
0.055251
-0.019259
-0.0084791
-0.016263
0.037776
0.023633
-0.010538
0.020599
0.072872
0.017402
-0.019538
0.05897
0.057747
0.063079
0.062722
0.030161
0.017033
0.056179
0.060853
0.0033779
0.037806
0.0047441
0.074376
-0.0097425
0.032072
-0.0064816
0.042196
0.020075
0.024867
0.059024
0.049299
-0.011762
0.010341
0.036595
0.018613
0.030825
0.07266
0.0071398
0.0092369
0.020375
0.037726
0.029417
0.054949
0.036981
0.054278
0.024317
0.033343
0.10038
0.056284
0.057926
0.097077
0.012421
0.048602
0.099988
0.10906
0.029937
0.070947
0.063758
0.059657
0.063339
0.032449
0.094051
0.040107
0.11359
0.068029
0.055463
0.049792
0.093074
0.055455
0.089613
0.12243
0.05933
0.084231
0.045627
0.1365
0.064703
0.12482
0.0595
0.14426
0.085419
0.10947
0.11002
0.1143
0.11011
0.14884
0.080157
0.16018
0.16123
0.10723
0.078828
0.075587
0.086542
0.11067
0.10253
0.1363
0.17789
0.0885
0.11587
0.098831
0.17532
0.10387
0.11363
0.085348
0.1583
0.13999
0.17722
0.16891
0.15584
0.10228
0.17597
0.17045
0.18679
0.15228
0.17272
0.091619
0.11571
0.16165
0.12371
0.16922
0.17122
0.15956
0.13465
0.18201
0.12116
0.15443
0.10903
0.12067
0.17158
0.17329
0.12482
0.12402
0.12689
0.16486
0.13648
0.16347
0.11942
0.11352
0.13616
0.1641
0.093913
0.074184
0.074694
0.11203
0.083422
0.11568
0.15478
0.14386
0.098956
0.098032
0.098419
0.14616
0.069587
0.096672
0.053106
0.14391
0.083477
0.095296
0.072696
0.11403
0.064574
0.086696
0.067489
0.090523
0.092121
0.046201
0.12913
0.10312
0.12259
0.046191
0.074357
0.059376
0.041182
0.082153
0.11003
0.025397
0.07738
0.11933
0.051296
0.11069
0.055379
0.052358
0.06233
0.089818
0.01904
0.035965
0.10184
0.075911
0.059623
0.067149
0.09419
0.053435
0.093869
0.063925
0.098979
0.083833
0.027086
0.011875
0.084774
0.078286
0.069626
0.090106
0.027346
0.087254
0.057611
0.030392
0.092448
0.058233
0.032212
0.026788
0.047443
0.099576
0.066167
0.01579
0.10527
0.02859
0.067065
0.045284
0.014406
0.083303
0.086079
0.035504
0.038779
0.067476
0.044794
0.095134
0.089648
0.035279
0.091068
0.048089
0.076752
0.035579
0.10882
0.048307
0.071925
0.10903
0.12283
0.085027
0.08031
0.065506
0.10977
0.12935
0.036272
0.050519
0.13625
0.10731
0.069867
0.08613
0.13202
0.083977
0.11852
0.13152
0.13104
0.066878
0.066692
0.10662
0.081365
0.11853
0.18653
0.1448
0.19355
0.12487
0.15473
0.14685
0.17177
0.20649
0.2377
0.23956
0.29767
0.30026
0.23798
0.32713
0.28423
0.37052
0.38437
0.4342
0.45174
0.40621
0.47048
0.48234
0.53429
0.52483
0.59729
0.6378
0.6333
0.6881
0.65938
0.70771
0.73403
0.75134
0.80687
0.86839
0.83245
0.84585
0.86975
0.98154
1.0023
1.0072
1.0576
1.0678
1.0507
1.0736
1.1316
1.0895
1.0733
1.1818
1.1068
1.1089
1.1223
1.1703
1.1424
1.2112
1.1896
1.1995
1.1786
1.131
1.12
1.1684
1.152
1.1281
1.0648
1.1286
1.1022
1.0141
1.0293
0.97572
1.0018
0.93889
0.91186
0.97312
0.96368
0.86225
0.89749
0.87068
0.86621
0.82175
0.79941
0.75151
0.67279
0.71209
0.65782
0.67934
0.66921
0.57343
0.60246
0.56728
0.52609
0.49879
0.46764
0.53308
0.45631
0.49718
0.43323
0.45639
0.46525
0.45453
0.39242
0.36009
0.3916
0.31936
0.38388
0.32324
0.31839
0.31137
0.27796
0.29798
0.32143
0.3189
0.25267
0.2853
0.27932
0.26676
0.31413
0.25829
0.23598
0.27023
0.30235
0.28649
0.27031
0.22087
0.21858
0.27855
0.24646
0.21259
0.28478
0.20548
0.22678
0.29248
0.25842
0.25731
0.2212
0.2148
0.2011
0.27274
0.27756
0.27502
0.2563
0.2779
0.26589
0.19758
0.25342
0.27077
0.26316
0.19717
0.28429
0.19631
0.27525
0.26431
0.18762
0.18618
0.2193
0.21271
0.26964
0.25337
0.28367
0.232
0.2605
0.24971
0.24944
0.25568
0.22998
0.27739
0.23011
0.21494
0.25014
0.24585
0.21592
0.24216
0.25238
0.24262
0.19977
0.25011
0.22412
0.27861
0.21944
0.26843
0.19908
0.1886
0.21418
0.2111
0.23947
0.19184
0.26062
0.22454
0.28105
0.23376
0.2605
0.2736
0.18621
0.28397
0.28443
0.21618
0.26438
0.19951
0.24642
0.23661
0.2126
0.23001
0.24717
0.2048
0.19674
0.24689
0.26535
0.27728
0.25844
0.21288
0.22952
0.25747
0.2739
0.29753
0.23955
0.20149
0.21028
0.23968
0.2123
0.27659
0.21895
0.29884
0.21498
0.25031
0.28555
0.22088
0.23172
0.2461
0.27157
0.21632
0.25332
0.28161
0.28724
0.29724
0.23202
0.3201
0.30244
0.27582
0.23813
0.30985
0.24954
0.28922
0.30567
0.30649
0.29658
0.26492
0.30139
0.32867
0.32212
0.24838
0.24938
0.31314
0.26988
0.29677
0.25989
0.30149
0.31142
0.29886
0.3357
0.32534
0.3296
0.28316
0.35088
0.26459
0.28824
0.31785
0.29609
0.27618
0.3088
0.36488
0.27708
0.27904
0.35259
0.32305
0.31647
0.27448
0.29645
0.37266
0.31916
0.34211
0.27758
0.31004
0.34168
0.28405
0.29292
0.36515
0.32288
0.33139
0.37751
0.3239
0.30988
0.33414
0.31657
0.34839
0.31717
0.35893
0.29335
0.32359
0.36157
0.32011
0.29251
0.30585
0.3186
0.30766
0.35926
0.35205
0.3337
0.31988
0.3118
0.3067
0.33095
0.35729
0.32235
0.3325
0.29728
0.39141
0.37475
0.38631
0.30427
0.3383
0.31009
0.30991
0.36561
0.36649
0.33548
0.37931
0.34782
0.34419
0.38552
0.38653
0.38951
0.30871
0.3544
0.33627
0.30158
0.34801
0.35292
0.37954
0.31659
0.35861
0.31757
0.3529
0.34784
0.34358
0.30462
0.32733
0.36389
0.33778
0.31556
0.35622
0.38143
0.35302
0.31224
0.35436
0.33968
0.37257
0.32671
0.34689
0.321
0.34513
0.36202
0.35247
0.3569
0.36842
0.27416
0.3661
0.33044
0.33802
0.32295
0.28578
0.3079
0.31409
0.28345
0.27505
0.31447
0.31542
0.34446
0.25994
0.32563
0.3472
0.34029
0.32441
0.31374
0.26839
0.31659
0.2385
0.31331
0.32504
0.32388
0.2861
0.27354
0.32339
0.31171
0.268
0.28411
0.25431
0.30203
0.26715
0.25511
0.23079
0.29941
0.28217
0.28331
0.25245
0.29471
0.2732
0.25318
0.2154
0.29375
0.28962
0.21539
0.19911
0.23417
0.21839
0.24581
0.28131
0.233
0.22853
0.22956
0.24444
0.20429
0.23597
0.25525
0.20137
0.19469
0.23813
0.21985
0.17807
0.2418
0.24893
0.22594
0.23141
0.19297
0.15098
0.16605
0.14754
0.23584
0.14339
0.16747
0.19071
0.23043
0.18909
0.19786
0.17079
0.15154
0.17826
0.20806
0.16233
0.15877
0.17443
0.16155
0.20168
0.20791
0.12694
0.17399
0.12456
0.11026
0.13711
0.16228
0.099103
0.18131
0.12152
0.16235
0.16287
0.15639
0.15623
0.17841
0.13896
0.12818
0.10237
0.13894
0.1131
0.16923
0.11081
0.088456
0.16332
0.10565
0.067954
0.15579
0.075668
0.066178
0.12457
0.1079
0.12756
0.069969
0.1034
0.13796
0.081844
0.11021
0.1263
0.046321
0.10412
0.12351
0.12504
0.13682
0.10999
0.12074
0.10137
0.10152
0.061995
0.065629
0.11719
0.09937
0.056462
0.072758
0.1153
0.025202
0.040669
0.074243
0.073085
0.096121
0.04167
0.075426
0.02385
0.056557
0.037886
0.030982
0.015141
0.10434
0.064685
0.024339
0.080812
0.07342
0.049354
0.082301
0.0034389
0.032303
0.038227
0.073461
0.0036836
0.013407
0.0069935
0.05992
0.086172
0.0018641
0.0077141
-0.0012338
0.0067266
0.026441
0.017767
0.055908
0.066775
0.085436
0.053616
0.079212
0.063421
0.071248
0.083832
0.022432
0.04045
0.039319
0.025464
0.018808
0.071599
0.012925
0.01225
0.080287
0.024306
-0.0045451
-0.013553
0.013271
0.080187
-0.00524
0.032548
0.035591
0.043929
0.021051
0.058744
0.0034017
0.011349
0.079124
0.038149
0.062448
0.059896
0.077791
0.010072
-0.0087278
0.036882
0.078171
0.025741
0.050774
0.032886
0.019338
0.047224
0.07087
0.030538
0.070216
0.032319
0.018718
0.004439
0.068402
0.051973
0.036315
0.0041019
-0.00012887
0.037062
-0.0012634
0.0081613
0.037962
0.086633
0.069454
0.021199
0.076614
0.012898
0.020411
0.079197
0.011141
0.041555
0.038982
0.068879
0.018774
0.067871
0.088563
-0.0032286
0.077509
0.031795
0.019229
0.045743
0.0073382
0.00047662
0.045591
0.041494
0.049751
0.076172
0.073786
0.051413
0.006574
0.080898
0.0291
0.027058
-0.0024291
0.049258
-0.0029194
0.019071
0.065344
0.089806
0.082774
0.0096028
0.026465
0.057277
0.076387
-0.0029392
0.01129
0.049118
0.024182
0.025712
0.012223
0.010382
0.082389
0.012929
0.0015037
0.088131
0.0094509
0.069413
0.063337
0.047479
0.003217
0.094912
0.020797
-5.3148e-05
0.050254
0.04108
0.024238
0.087429
0.022421
0.068808
0.040145
0.06052
0.01719
0.09361
0.030882
0.026154
0.048997
0.01931
0.012486
0.022064
0.040079
0.055304
0.081214
0.035386
0.063399
0.0061673
0.086799
0.01756
0.074876
0.074137
0.010096
0.090965
0.0059304
0.012374
0.07101
0.011766
0.052542
0.055575
0.088495
0.043095
0.088443
0.06299
0.027221
0.078605
0.0079853
0.015369
0.068476
0.05301
0.019964
0.073371
0.021896
0.081659
0.072773
0.097082
0.018182
0.012663
0.098335
0.02436
0.049353
0.023727
0.060662
0.0082891
0.037191
0.035599
0.064735
0.091094
0.042167
0.04033
0.023604
0.083574
0.092284
0.038108
0.018617
0.074856
0.076373
0.022037
0.0081681
0.046893
0.10137
0.055716
0.09229
0.024517
0.045753
0.080522
0.048054
0.069691
0.012079
0.053111
0.036909
0.056099
0.082721
0.037998
0.019521
0.057781
0.09773
0.064899
0.10606
0.039059
0.047881
0.030459
0.027969
0.039738
0.11703
0.11851
0.10872
0.099881
0.03431
0.099799
0.025926
0.058195
0.034706
0.060149
0.12682
0.099209
0.078551
0.12187
0.12386
0.087599
0.074115
0.092007
0.045484
0.064272
0.11145
0.093169
0.046392
0.09647
0.077131
0.069412
0.07145
0.14674
0.1183
0.14763
0.12586
0.060437
0.10585
0.12211
0.10899
0.090171
0.11838
0.092507
0.16343
0.10496
0.16215
0.12628
0.1032
0.090745
0.085124
0.12255
0.17361
0.10508
0.14307
0.15751
0.12431
0.16188
0.14067
0.1248
0.13253
0.11199
0.10675
0.18611
0.15885
0.16547
0.1803
0.18373
0.19147
0.14992
0.16021
0.18864
0.15925
0.14288
0.14988
0.19035
0.16991
0.17783
0.19417
0.13907
0.18275
0.1663
0.12518
0.20426
0.17543
0.20733
0.147
0.1772
0.14561
0.18073
0.20084
0.14646
0.11615
0.14212
0.17287
0.14726
0.16355
0.11325
0.17274
0.11199
0.1878
0.16074
0.1902
0.17765
0.1822
0.12957
0.14161
0.177
0.15428
0.19623
0.1926
0.11271
0.1674
0.15794
0.18213
0.10056
0.13862
0.12455
0.094543
0.13838
0.17915
0.13396
0.091473
0.15564
0.095812
0.12707
0.081203
0.16748
0.15395
0.16971
0.10039
0.093451
0.076282
0.13283
0.16103
0.063378
0.15552
0.15666
0.12183
0.093004
0.054326
0.061822
0.054514
0.079433
0.06207
0.094722
0.098242
0.056396
0.080991
0.056683
0.093081
0.061035
0.081795
0.12803
0.12799
0.083424
0.12653
0.064613
0.12476
0.12415
0.11414
0.13439
0.10972
0.086523
0.050816
0.073103
0.10391
0.099183
0.08336
0.040244
0.071094
0.091147
0.096709
0.065137
0.12642
0.097699
0.032947
0.066833
0.069514
0.03744
0.057851
0.10875
0.094155
0.047936
0.057698
0.064348
0.063345
0.045169
0.046
0.038194
0.094246
0.086126
0.044905
0.11535
0.090883
0.051579
0.13352
0.14022
0.071618
0.082212
0.11784
0.14408
0.053258
0.084939
0.096127
0.065047
0.066552
0.051146
0.11294
0.11516
0.062997
0.14231
0.065497
0.1333
0.1084
0.099573
0.10405
0.13868
0.10165
0.15192
0.12245
0.14084
0.18218
0.10731
0.1651
0.19738
0.13315
0.18488
0.1951
0.18275
0.1992
0.15608
0.2303
0.24638
0.2428
0.24158
0.27582
0.26755
0.26149
0.32259
0.39496
0.41538
0.43035
0.39578
0.45005
0.4681
0.45241
0.54072
0.59149
0.6207
0.57115
0.61496
0.69127
0.71477
0.7625
0.72493
0.75289
0.81736
0.81995
0.90293
0.86842
0.94956
0.9517
0.93606
1.023
0.99064
1.0019
1.0083
1.0597
1.0747
1.0777
1.1458
1.1243
1.0831
1.0999
1.1849
1.1229
1.157
1.1345
1.1058
1.1139
1.1039
1.1771
1.169
1.1642
1.0642
1.1089
1.1246
1.1084
1.006
0.99545
1.0491
0.95118
1.0178
0.92793
0.97218
0.87173
0.86225
0.83355
0.84279
0.84361
0.83292
0.79562
0.75057
0.69954
0.67982
0.63004
0.67389
0.64789
0.57128
0.53044
0.57183
0.4901
0.54237
0.50433
0.44912
0.41551
0.3931
0.43736
0.41073
0.36109
0.37404
0.4139
0.33277
0.38878
0.36684
0.31643
0.26313
0.27274
0.31024
0.2392
0.28912
0.27053
0.2969
0.30122
0.29175
0.21803
0.28387
0.19322
0.21236
0.20464
0.22335
0.23508
0.20884
0.18936
0.23132
0.17396
0.24619
0.18974
0.18044
0.22041
0.15879
0.2315
0.24958
0.24159
0.24371
0.16752
0.22957
0.16026
0.23768
0.16722
0.22382
0.22441
0.18279
0.22374
0.1558
0.16618
0.22899
0.1441
0.23267
0.20825
0.21806
0.20399
0.1664
0.22629
0.21196
0.2148
0.21725
0.22241
0.22301
0.19684
0.22673
0.22981
0.13929
0.19757
0.19688
0.18623
0.13274
0.13963
0.20053
0.14884
0.16951
0.22165
0.22395
0.19466
0.13973
0.22129
0.16427
0.19896
0.12979
0.19327
0.14935
0.21732
0.19309
0.22301
0.14698
0.14889
0.14628
0.17153
0.17782
0.17289
0.21037
0.20155
0.18696
0.22079
0.20426
0.20237
0.17467
0.16908
0.20588
0.19982
0.14962
0.17647
0.15315
0.22333
0.1597
0.14391
0.22493
0.17898
0.15262
0.20817
0.20352
0.16565
0.22937
0.18662
0.2283
0.15483
0.18268
0.22494
0.1967
0.20467
0.17012
0.19693
0.2143
0.24015
0.21189
0.18385
0.15855
0.18966
0.16083
0.18714
0.22894
0.19454
0.18124
0.22353
0.17041
0.19792
0.18501
0.23726
0.26342
0.24034
0.25411
0.18013
0.20259
0.22813
0.22462
0.18751
0.21346
0.26204
0.2052
0.18893
0.25296
0.26273
0.21277
0.25453
0.20276
0.20381
0.20311
0.20496
0.21138
0.28419
0.25916
0.19727
0.19949
0.23032
0.21512
0.285
0.24634
0.24356
0.22387
0.24371
0.22045
0.30708
0.30616
0.24996
0.22308
0.25169
0.22551
0.26281
0.27176
0.23043
0.31299
0.24263
0.31587
0.24992
0.30278
0.24802
0.24095
0.28008
0.29819
0.31548
0.27296
0.23847
0.30897
0.26146
0.27749
0.32805
0.26125
0.23793
0.32953
0.29563
0.30394
0.27422
0.24893
0.24667
0.33416
0.2905
0.26897
0.2626
0.33107
0.3167
0.29797
0.27992
0.34075
0.29636
0.32646
0.27876
0.24958
0.25957
0.29218
0.26238
0.28864
0.28958
0.26604
0.30539
0.27312
0.28137
0.28461
0.26007
0.25392
0.32263
0.29545
0.29111
0.32908
0.25468
0.27356
0.28918
0.31999
0.25192
0.29543
0.34611
0.29875
0.2618
0.27808
0.26351
0.2883
0.33981
0.26292
0.31155
0.29363
0.30554
0.33841
0.2522
0.3189
0.24118
0.29576
0.29246
0.24508
0.28703
0.27551
0.29987
0.27514
0.31545
0.28112
0.26791
0.32446
0.31847
0.24798
0.24553
0.27821
0.32326
0.26651
0.31147
0.28523
0.25185
0.27365
0.23225
0.26632
0.24789
0.28859
0.3004
0.2802
0.28882
0.25624
0.2583
0.26074
0.21787
0.24693
0.21324
0.2327
0.28102
0.27822
0.26848
0.21335
0.19751
0.2199
0.19532
0.18974
0.19938
0.1874
0.2211
0.21888
0.23647
0.21603
0.2337
0.24996
0.17495
0.23941
0.26364
0.24826
0.20713
0.24659
0.21416
0.24402
0.20893
0.23984
0.23156
0.22604
0.22221
0.17893
0.1526
0.20831
0.15347
0.15452
0.18874
0.174
0.2232
0.16906
0.13893
0.22162
0.16057
0.20485
0.15112
0.21154
0.14916
0.12998
0.17646
0.20298
0.15448
0.14477
0.18726
0.16711
0.1909
0.10955
0.11046
0.19519
0.18736
0.18461
0.1849
0.13153
0.1512
0.18542
0.12255
0.18153
0.16007
0.11594
0.13716
0.13066
0.099816
0.097701
0.10837
0.11536
0.10071
0.10673
0.073805
0.075322
0.13443
0.14138
0.096952
0.076402
0.080006
0.098069
0.057798
0.074191
0.063295
0.13756
0.076321
0.1264
0.099446
0.071315
0.073861
0.069167
0.030477
0.034496
0.070133
0.11965
0.11067
0.051012
0.029267
0.083905
0.068816
0.0827
0.095825
0.011
0.045612
0.089426
0.01251
0.053697
0.022191
0.077486
0.049038
0.0077492
0.083101
0.044619
-0.004879
0.022207
0.084303
0.0087285
0.043921
-0.010894
0.037448
-0.017881
-0.0081276
0.060087
0.071388
0.064409
0.031685
0.065223
0.026071
0.02957
0.02573
0.053541
0.051029
-0.006932
-0.009218
-0.0010132
-0.0042008
0.004474
-0.0024245
-0.037632
-0.01515
-0.035448
-0.020191
0.019981
0.047688
-0.032753
-0.042922
-0.0050922
-0.0025264
-6.9077e-05
0.019307
0.023203
0.021667
0.030651
0.018542
-0.04016
-0.030624
0.02217
-0.033272
0.006196
-0.059421
0.025434
-0.040512
0.0043374
-0.057751
-0.036918
-0.020543
-0.002895
-0.026809
-0.026734
-0.037284
-0.037331
-0.0041483
0.025075
-0.051346
-0.017275
-0.011082
-0.023828
0.0072926
-0.052711
0.0052803
-0.01166
0.00010189
-0.024636
-0.042803
-0.03251
-0.025248
-0.015542
-0.062339
-0.018751
-0.035688
0.014867
-0.052239
0.0039791
0.01266
-0.0068325
0.00013707
0.01563
-0.025206
-0.05884
0.0060201
-0.056473
-0.043822
0.0068108
-0.0061253
-0.04847
-0.004619
-0.029008
-0.072237
-0.057205
0.0033999
0.018773
-0.029111
-0.06483
-0.015769
-0.028732
-0.01651
-0.027891
-0.018464
-0.070769
0.021562
-0.066181
-0.038521
-0.041366
-0.010085
0.023746
0.023595
-0.021562
-0.046151
0.026365
-0.014488
-0.033927
-0.013802
0.0052658
-0.023861
-0.027208
-0.0037192
-0.069283
-0.026147
-0.065591
-0.06963
0.0069775
-0.058502
0.028843
-0.031979
-0.030999
-0.05722
-0.04644
-0.0097192
0.0010271
-0.061112
-0.0053141
4.6977e-05
-0.059447
-0.025465
-0.0032548
-0.016968
-0.030391
0.014407
-0.047689
-0.039405
0.0051568
0.014213
-0.025433
0.0068323
-0.042545
-0.024161
-0.050282
-0.043463
0.030284
-0.031391
-0.034754
0.0099946
0.027924
0.017356
-0.01026
-0.061359
0.00835
-0.013436
-0.045869
-0.0088878
-0.045111
-0.033695
-0.025479
-0.04959
-0.039697
0.011241
-0.042082
0.03001
-0.0126
-0.055843
-0.016734
-0.041521
-0.029579
-0.057034
0.027874
0.0045363
-0.012107
-0.04039
0.015058
-0.01849
-0.0063187
-0.05597
-0.049071
0.020449
0.019275
-0.04252
-0.0079996
-0.039152
-0.00092937
-0.035187
-0.059825
0.0071999
0.013462
-0.011054
-0.060544
-0.027108
-0.023308
0.01716
-0.054922
-0.054676
0.033373
-0.04305
0.015898
-0.05329
-0.030973
-0.016558
-0.054182
-0.058749
-0.021435
-0.04878
0.02469
0.016746
0.016579
-0.033613
0.028194
0.026082
0.029511
-0.004856
-0.018544
-0.048727
-0.057194
0.011831
-0.0003896
-0.0091247
-0.0042501
-0.027348
-0.022912
0.0027948
-0.0023296
0.0058304
-0.056167
0.021882
0.026764
-0.041318
0.017263
-0.045096
0.0084709
0.013014
-0.00041665
-0.044948
-0.049142
-0.041491
-0.043173
-0.047563
-0.004752
0.026991
-0.010843
0.017147
-0.031724
0.020805
0.0044463
-0.050299
0.020912
0.028734
-0.050762
0.029675
-0.045648
-0.015819
-0.0019697
-0.034632
-0.046219
-0.03491
-0.038536
0.040954
-0.018116
-0.010738
-0.035168
-0.037383
0.042059
0.026282
0.034497
-0.03834
0.035103
0.0056635
0.0085749
-0.03735
-0.038356
0.038951
0.045604
0.0029823
-0.022313
0.053203
-0.004534
0.027117
-0.027741
0.054658
-0.030054
0.0061288
0.06233
0.045902
0.068919
0.035242
0.0099553
0.069253
-0.014965
-0.0054685
0.046585
0.0017966
-0.0042215
0.012151
0.050618
0.014379
0.019936
0.068
0.073496
0.025675
-0.0014864
0.0037193
0.084987
0.051265
0.0085881
0.052806
0.015354
0.08363
0.022138
0.040266
0.10529
0.027296
0.091639
0.030224
0.037639
0.084623
0.034759
0.093536
0.09088
0.026186
0.12235
0.028641
0.10063
0.088264
0.11583
0.054323
0.068356
0.091474
0.097418
0.069573
0.082034
0.14164
0.078735
0.11696
0.070921
0.0622
0.10363
0.089796
0.12321
0.074793
0.068454
0.064289
0.098976
0.055859
0.056417
0.064761
0.081124
0.08826
0.077036
0.088733
0.078661
0.14163
0.12549
0.088325
0.096377
0.12341
0.15214
0.12807
0.065131
0.056664
0.10344
0.11348
0.059487
0.14775
0.058908
0.12266
0.053358
0.1136
0.092164
0.13101
0.0774
0.061687
0.12123
0.12366
0.11161
0.078219
0.042942
0.064433
0.037599
0.038964
0.11961
0.10691
0.1107
0.048615
0.066912
0.097548
0.086893
0.072524
0.10209
0.067251
0.086003
0.095788
0.032608
0.06694
0.10364
0.054677
0.068498
0.025654
0.047795
0.055055
0.016835
0.086731
0.013886
0.022056
0.02219
0.079588
0.02256
-0.0058359
0.00092845
-0.0058659
0.051104
0.018085
0.051052
0.071884
0.012699
0.022396
0.0034504
0.038567
0.02949
-0.0030562
0.047866
0.06134
0.073051
-0.007805
-0.020753
0.071886
0.031725
0.056539
0.070457
-0.0016724
0.013779
-0.0078509
0.027453
0.063413
0.029476
0.0079152
0.010132
-0.018196
0.042781
0.040666
0.034859
0.0081959
0.058144
0.035841
0.020499
0.001313
0.060655
0.024879
0.019445
0.013661
0.049873
0.010487
0.031394
0.044074
0.069461
0.063754
0.036124
0.05022
-0.02116
0.024401
0.017449
0.072403
-0.001417
-0.0046678
-0.012404
0.07427
0.061864
0.049527
0.015044
0.039041
0.055373
0.066057
0.00017462
-0.0033968
0.029885
0.086803
0.043823
0.063222
-0.0074908
0.013308
0.015899
0.066291
0.0542
0.079117
0.051412
0.057531
0.016368
0.037368
0.037382
0.050272
0.087833
0.040668
0.052955
0.098209
0.070254
0.094062
0.083851
0.13329
0.16173
0.15815
0.12045
0.18144
0.22122
0.20967
0.19361
0.23571
0.23415
0.27466
0.28881
0.32911
0.31187
0.35485
0.4171
0.37511
0.44065
0.48625
0.46419
0.47184
0.58464
0.58556
0.60852
0.61706
0.64803
0.64906
0.71069
0.71046
0.8086
0.82409
0.83064
0.81069
0.92462
0.91026
0.89482
0.9129
1.0141
0.9484
1.0161
1.0529
1.0912
1.0975
1.0406
1.086
1.126
1.0615
1.1568
1.0836
1.1003
1.1129
1.1011
1.0864
1.1219
1.1164
1.0656
1.1151
1.126
1.1022
1.0795
1.0099
1.0023
1.0333
1.042
1.0236
0.94048
0.95757
0.91454
0.8973
0.82331
0.86779
0.80631
0.78243
0.77938
0.70916
0.74496
0.66259
0.69211
0.65166
0.66709
0.6278
0.62382
0.56425
0.54878
0.55791
0.54135
0.42941
0.46144
0.4519
0.455
0.44165
0.37536
0.39862
0.38513
0.32122
0.33139
0.27417
0.31979
0.24899
0.28098
0.25483
0.2436
0.21818
0.20779
0.25881
0.22698
0.17886
0.23978
0.17421
0.19695
0.18018
0.16612
0.20334
0.18943
0.22003
0.12875
0.20362
0.12285
0.20412
0.16526
0.12304
0.18861
0.14538
0.1682
0.11162
0.10398
0.11164
0.11939
0.10594
0.12861
0.12885
0.1479
0.17736
0.16272
0.16156
0.1257
0.11553
0.14684
0.18323
0.12158
0.10187
0.13605
0.14408
0.11285
0.09049
0.16657
0.12489
0.14291
0.10904
0.10724
0.18201
0.16607
0.095735
0.085691
0.11789
0.10239
0.087262
0.17069
0.17718
0.14238
0.16893
0.18025
0.11399
0.097411
0.1435
0.14335
0.12931
0.10088
0.11849
0.10369
0.17432
0.13284
0.14103
0.095671
0.17273
0.14694
0.16959
0.16836
0.083879
0.12292
0.17106
0.17057
0.11776
0.12858
0.11744
0.14616
0.15836
0.14134
0.16076
0.15731
0.14448
0.11157
0.086711
0.14733
0.17388
0.17875
0.1562
0.13664
0.12162
0.18111
0.16244
0.15825
0.10045
0.11555
0.098215
0.16229
0.13411
0.11035
0.14241
0.18453
0.12623
0.10434
0.11787
0.16847
0.14315
0.12935
0.12451
0.11355
0.19038
0.16987
0.1315
0.10581
0.19117
0.1059
0.12027
0.14283
0.11748
0.13727
0.13202
0.1724
0.18482
0.14687
0.17626
0.20577
0.19142
0.13068
0.20901
0.19682
0.21331
0.19482
0.1407
0.18921
0.18183
0.15074
0.1469
0.13994
0.20687
0.20451
0.22608
0.23387
0.18784
0.1993
0.15941
0.23122
0.22991
0.17072
0.16108
0.20153
0.16737
0.16625
0.20167
0.19134
0.24073
0.19329
0.24464
0.19985
0.16775
0.23116
0.22389
0.18135
0.18423
0.22097
0.25123
0.25695
0.17914
0.25158
0.21903
0.21104
0.20327
0.24329
0.25496
0.18189
0.23845
0.25791
0.19189
0.2115
0.26687
0.24422
0.22498
0.19382
0.19517
0.26485
0.28034
0.23584
0.21843
0.2769
0.25225
0.25773
0.21845
0.20233
0.20792
0.269
0.21378
0.22407
0.21233
0.22218
0.22722
0.27656
0.22217
0.23817
0.23542
0.27643
0.28071
0.28118
0.24833
0.29297
0.20755
0.21109
0.28071
0.28262
0.20644
0.22689
0.22767
0.23095
0.27906
0.20927
0.229
0.22511
0.25225
0.2246
0.22429
0.28894
0.23857
0.29764
0.20391
0.30208
0.26501
0.2465
0.247
0.20476
0.20357
0.25377
0.23219
0.25824
0.21214
0.28246
0.2823
0.27767
0.23644
0.27386
0.23387
0.21292
0.26965
0.25467
0.28286
0.21276
0.2272
0.25953
0.2123
0.20127
0.26815
0.25371
0.27482
0.20836
0.19145
0.24676
0.19806
0.25735
0.19929
0.19698
0.24072
0.25629
0.24314
0.27603
0.22546
0.2287
0.21551
0.25958
0.21713
0.24179
0.18305
0.19987
0.17253
0.20838
0.21737
0.19046
0.23134
0.22121
0.18639
0.18311
0.23181
0.23801
0.16804
0.17923
0.23643
0.16205
0.17809
0.23703
0.1934
0.18525
0.18236
0.2095
0.20593
0.16756
0.22356
0.16098
0.18588
0.16136
0.16772
0.17213
0.1931
0.15437
0.17795
0.12196
0.1596
0.14437
0.20794
0.19824
0.18448
0.12819
0.15848
0.14078
0.10258
0.14062
0.14066
0.15603
0.18937
0.18579
0.18278
0.13515
0.1384
0.15005
0.12992
0.1363
0.098201
0.10569
0.16861
0.077288
0.12303
0.10958
0.094693
0.1214
0.14537
0.11612
0.06487
0.15208
0.070592
0.051797
0.14373
0.091368
0.054579
0.058346
0.12985
0.092663
0.10114
0.064138
0.069603
0.059023
0.033223
0.12198
0.0804
0.11148
0.075302
0.060383
0.067241
0.050076
0.0633
0.10724
0.098006
0.037431
0.036396
0.086766
0.025972
0.045643
0.098957
0.011843
0.0008471
0.05113
0.053297
0.033603
0.072082
0.03136
0.081002
0.04448
0.033808
0.005159
0.048739
0.0077769
0.021586
-0.021549
-0.013116
0.03753
0.011738
0.0015446
0.039325
0.029328
-0.037777
-0.015651
0.0083358
-0.026189
-0.025732
0.012193
0.035987
-0.026574
0.012136
0.017195
-0.0069735
-0.034369
-0.020348
0.034552
0.011162
-0.003762
-0.045534
-0.059749
0.026916
-0.0088178
-0.022061
-0.060581
-0.0059147
-0.069463
0.021846
-0.057812
-0.033912
-0.060602
-0.057763
-0.031993
-0.031652
-0.0428
-0.079657
0.00052041
-0.083255
-0.040991
-0.038099
-0.040465
0.0011259
-0.020159
-0.059422
-0.030217
-0.076041
-0.076768
-0.046563
-0.011258
-0.037068
-0.016429
-0.038033
-0.091292
-0.08772
-0.0096933
-0.080085
-0.089646
-0.069659
-0.021722
-0.10569
-0.054967
-0.040018
-0.019793
-0.097719
-0.019445
-0.10513
-0.020434
-0.073348
-0.038435
-0.024349
-0.056175
-0.05284
-0.054647
-0.093506
-0.10084
-0.01926
-0.058649
-0.054869
-0.038173
-0.053432
-0.012814
-0.058621
-0.084267
-0.025195
-0.069991
-0.035287
-0.074284
-0.08185
-0.014533
-0.020381
-0.068389
-0.050371
-0.051187
-0.025176
-0.074536
-0.036394
-0.048572
-0.041515
-0.072148
-0.014786
-0.022405
-0.039009
-0.037808
-0.030874
-0.070227
-0.020209
-0.084095
-0.084756
-0.025915
-0.024555
-0.013765
-0.10346
-0.072725
-0.096558
-0.080024
-0.102
-0.030098
-0.010878
-0.070399
-0.069421
-0.098563
-0.060365
-0.040504
-0.046267
-0.02928
-0.10105
-0.024969
-0.057792
-0.053181
-0.07924
-0.034585
-0.099951
-0.016194
-0.050779
-0.085168
-0.061809
-0.0015592
-0.011818
-0.026234
-0.085716
-0.043431
-0.062572
-0.088062
-0.030115
-0.090594
-0.016815
-0.089143
-0.012727
-0.0024315
-0.085306
-0.047224
-0.06024
-0.066353
-0.058997
-0.048166
-0.070251
-0.041087
-0.078134
-0.083737
-0.053926
-0.029426
-0.0048238
-0.05977
-0.060173
-0.068718
-0.001898
-0.032683
0.00068974
-0.033158
-0.023645
-0.025651
-0.012275
-0.0011697
-0.0086429
-0.087497
-0.020229
-0.024692
-0.041389
-0.056075
-0.035874
-0.087458
-0.05507
-0.092876
-0.093236
-0.020838
-0.018064
-0.064766
-0.086188
-0.030894
-0.062863
-0.0092468
-0.060119
-0.040617
-0.089898
-0.077453
-0.045615
-0.055611
-0.061327
-0.080043
-0.039899
-0.013055
-0.0076375
-0.028191
-0.058291
-0.00024598
0.0068766
-0.081548
-0.015097
-0.019473
-0.043369
-0.076297
-0.010951
0.00023182
-0.019988
-0.031298
-0.056549
-0.012589
-0.01845
-0.055831
-0.016486
-0.020111
-0.062825
-0.028483
-0.068922
-0.05156
-0.031441
-0.07907
-0.079833
-0.030687
0.0020057
-0.039774
-0.066563
-0.085585
-0.029577
-0.059369
-0.027141
-0.025845
-0.070595
-0.075485
-0.05131
-0.079315
-0.018749
-0.062494
-0.0012473
-0.083081
-0.038375
-0.0269
-0.033479
0.0050829
0.0081067
-0.079539
-0.049735
-0.054439
-0.074122
-0.042747
-0.059244
0.0079883
-0.017873
0.012708
-0.014825
-0.05402
0.0044466
-0.048172
-0.0466
-0.027305
-0.055615
0.013778
-0.023387
-0.032711
-0.0042855
-0.061434
-0.070559
-0.0075616
-0.047799
-0.043149
-0.069828
0.021173
-0.036305
-0.00044305
0.002858
0.0016457
0.021606
-0.059833
-0.065338
-0.074238
0.012496
-0.021228
-0.010533
0.0070464
-0.043506
-0.0077029
-0.062042
-0.05226
0.019674
-0.058426
-0.032684
-0.022414
-0.060228
0.0094173
-0.010708
-0.033431
0.0057503
0.016066
0.032052
-0.012123
-0.035671
-0.012315
-0.011954
-0.020502
0.029324
0.019052
0.0026947
-0.030732
0.035174
0.036381
0.024802
0.015325
-0.016684
0.041498
0.040987
0.0014451
0.016122
0.011903
0.010365
-0.019561
0.040935
0.013385
0.025087
0.00056444
0.046636
0.053392
-0.012709
0.070053
0.035166
0.0024626
-0.0051391
0.019303
0.070655
0.029018
0.031908
0.027516
0.020874
0.060497
0.026152
0.034873
0.0066879
0.053322
0.020131
0.051002
0.047413
0.0036086
0.089128
0.075783
0.011466
0.084242
0.096078
0.037999
0.023439
0.030326
0.097007
0.058065
0.086861
0.097746
0.073139
0.054732
0.072232
0.1142
0.094742
0.074821
0.09587
0.070573
0.073421
0.10201
0.12732
0.10371
0.054155
0.052022
0.10468
0.04054
0.073058
0.13259
0.072539
0.11947
0.086047
0.10887
0.094849
0.075216
0.049311
0.049669
0.10158
0.071786
0.069475
0.092237
0.095326
0.10464
0.051093
0.054193
0.067183
0.066452
0.056392
0.089291
0.12737
0.079371
0.12543
0.035937
0.03168
0.041024
0.031544
0.078555
0.077338
0.10753
0.033025
0.068033
0.059471
0.11268
0.076084
0.088506
0.084125
0.10694
0.054997
0.060297
0.01167
0.060477
0.040939
0.098936
0.054691
0.034839
0.070014
0.043486
0.08398
-0.0054011
0.076296
0.016651
0.050534
0.032379
0.076136
0.014528
0.027849
0.04699
-0.0051061
0.019405
-0.0069877
-0.010578
0.038749
0.060757
0.043608
-0.026323
0.033437
0.066166
0.018087
0.014453
0.028122
0.0068106
0.054604
0.057109
0.046732
0.0095949
0.046583
0.032375
-0.019776
-0.0041128
0.016095
0.025498
0.025822
-0.030635
-0.0089557
0.012144
0.0055035
0.025327
0.054872
0.052167
0.039767
0.044247
0.023728
-0.043668
-0.040482
0.011271
0.038664
-0.025558
-0.0043108
-0.023421
-0.035275
0.011941
-0.025079
-0.0057361
-0.02157
-0.032446
0.013966
-0.039592
0.017739
-0.0077125
0.027147
0.056201
-0.00092113
-0.0023034
0.022551
0.013454
0.010922
-0.018376
-0.029503
-0.023578
0.027744
-0.020033
0.02487
0.038549
0.047391
0.0092976
-0.016275
-0.00010335
0.019076
0.059616
-0.0083796
0.050544
-0.017366
0.0070387
0.067301
0.072459
0.070513
0.036493
-0.0082081
0.044064
-0.0074818
0.015092
0.048541
0.047103
0.096148
0.024045
0.068524
0.039299
0.11347
0.066491
0.12276
0.050901
0.061623
0.11589
0.15089
0.090344
0.1186
0.11122
0.15827
0.18315
0.19924
0.21039
0.16287
0.18901
0.25788
0.25445
0.30483
0.29281
0.2822
0.33281
0.37709
0.35406
0.43022
0.42858
0.51668
0.49211
0.50403
0.59196
0.5828
0.58458
0.67222
0.7125
0.68727
0.78224
0.76681
0.79693
0.85687
0.89985
0.83398
0.93898
0.94627
0.95132
0.93074
0.99207
1.0155
1.0059
1.016
1.1149
1.0758
1.1009
1.1416
1.0805
1.1386
1.1022
1.0954
1.1719
1.1443
1.1192
1.1863
1.1039
1.1522
1.1081
1.1612
1.0894
1.0733
1.0799
1.051
1.0731
1.032
0.97041
0.96095
0.99762
0.97325
0.95201
0.95752
0.84342
0.83742
0.83172
0.83782
0.79216
0.79453
0.72402
0.76624
0.67595
0.68201
0.64928
0.63985
0.62122
0.61748
0.59484
0.49904
0.54446
0.47583
0.51256
0.47443
0.44661
0.45384
0.40258
0.36519
0.34979
0.34572
0.30246
0.32432
0.30049
0.34147
0.2444
0.27196
0.27611
0.22997
0.26495
0.26588
0.18905
0.24648
0.20678
0.19609
0.23176
0.18765
0.22413
0.15624
0.2134
0.13855
0.18317
0.13249
0.16949
0.15698
0.18149
0.13253
0.21022
0.14699
0.13635
0.1836
0.15776
0.11202
0.10275
0.15437
0.15348
0.16887
0.14769
0.098681
0.12967
0.10805
0.11494
0.14721
0.098104
0.16071
0.1741
0.15494
0.13779
0.17996
0.11053
0.14127
0.11423
0.17592
0.18126
0.18537
0.17382
0.17192
0.16021
0.17131
0.10098
0.15839
0.085647
0.12713
0.17489
0.13408
0.14094
0.15174
0.085209
0.16942
0.14609
0.15659
0.095758
0.14996
0.098335
0.12662
0.097308
0.15634
0.14612
0.12446
0.12235
0.15547
0.12159
0.12081
0.12478
0.14236
0.16632
0.13388
0.15609
0.18048
0.094405
0.16656
0.1297
0.13749
0.17813
0.14702
0.16227
0.10673
0.14792
0.16859
0.1556
0.16882
0.16001
0.14552
0.086836
0.16978
0.13695
0.17051
0.089187
0.1574
0.13709
0.11925
0.17035
0.16397
0.10643
0.16456
0.13469
0.16426
0.19208
0.17639
0.13893
0.17662
0.14215
0.14371
0.1426
0.11139
0.14008
0.15141
0.15788
0.15082
0.16694
0.19632
0.13477
0.12087
0.20533
0.16589
0.11375
0.13585
0.12058
0.19274
0.18231
0.11953
0.15011
0.16525
0.21114
0.20285
0.16481
0.18722
0.21255
0.14249
0.13057
0.18011
0.14998
0.17154
0.16262
0.22949
0.16026
0.17635
0.18796
0.22854
0.22184
0.16468
0.24019
0.17609
0.23381
0.23857
0.16062
0.18017
0.21538
0.20251
0.17434
0.24987
0.24115
0.2105
0.19867
0.22803
0.1652
0.17041
0.22981
0.21145
0.21692
0.26249
0.26624
0.26063
0.22743
0.20718
0.21725
0.27736
0.24405
0.2458
0.18923
0.20971
0.27224
0.20568
0.26297
0.20234
0.27703
0.27231
0.19673
0.24335
0.22833
0.25374
0.28234
0.22728
0.29169
0.1998
0.22354
0.27893
0.29534
0.29511
0.24104
0.25564
0.27754
0.23171
0.21526
0.24974
0.25867
0.27365
0.21143
0.23443
0.22244
0.26462
0.27093
0.2755
0.26245
0.29422
0.27385
0.30984
0.30155
0.29418
0.26116
0.2616
0.26136
0.29063
0.28414
0.30371
0.28333
0.30537
0.22553
0.31377
0.30665
0.27398
0.28444
0.24617
0.25788
0.2278
0.22849
0.21641
0.27217
0.27271
0.2723
0.30615
0.30052
0.24962
0.2582
0.28871
0.30279
0.27149
0.2445
0.29425
0.25613
0.26262
0.30719
0.24865
0.22857
0.30691
0.26137
0.21797
0.24544
0.21821
0.2191
0.26679
0.27365
0.26655
0.2683
0.27947
0.29725
0.20308
0.23651
0.22952
0.26945
0.27309
0.224
0.26057
0.28063
0.2705
0.2055
0.20049
0.23101
0.25175
0.27127
0.2315
0.26466
0.21422
0.27909
0.25314
0.20157
0.24528
0.19873
0.19752
0.22622
0.19744
0.24042
0.25369
0.17261
0.1967
0.25271
0.18599
0.20916
0.21902
0.21952
0.18889
0.20736
0.19392
0.24055
0.19864
0.2017
0.15559
0.21044
0.16396
0.14827
0.18747
0.20999
0.16747
0.16107
0.19682
0.17805
0.21888
0.20534
0.18088
0.12978
0.17509
0.17683
0.18946
0.18037
0.20697
0.15574
0.16644
0.1998
0.17094
0.20596
0.12074
0.11436
0.13287
0.10164
0.13913
0.1671
0.17101
0.11172
0.17505
0.16085
0.16844
0.089862
0.14236
0.097162
0.12609
0.11063
0.10137
0.17087
0.073885
0.13314
0.083975
0.092324
0.13178
0.083743
0.095249
0.15349
0.070539
0.068691
0.13433
0.13426
0.094808
0.10553
0.089932
0.13344
0.13656
0.07645
0.13492
0.038023
0.062796
0.10012
0.045215
0.094591
0.090918
0.051754
0.071656
0.11798
0.094944
0.040657
0.076709
0.097628
0.016358
0.041091
0.075886
0.074009
0.058076
0.063728
0.017901
0.09328
0.032256
0.026662
0.035312
0.024998
0.082843
0.01378
0.083498
0.019846
0.0068336
0.026062
0.073806
0.02865
0.051404
0.077422
0.017076
0.039056
0.055659
0.024498
0.048663
0.063531
0.047023
0.021439
0.02755
-0.021959
0.0058775
0.027113
0.03055
-0.036374
0.051332
0.044971
-0.023482
0.01724
0.020528
-0.034242
0.0022674
0.025782
-0.04636
-0.025358
-0.056227
-0.026921
0.0097783
-0.045978
0.027631
-0.047328
-0.03027
-0.046138
-0.053759
-0.048605
0.021165
0.010065
-0.027766
-0.034647
-0.069493
-0.023819
-0.047338
-0.061237
-0.067847
-0.04408
-0.012796
-0.070407
-0.071189
-0.072356
-0.033323
-0.059219
0.013697
-0.077718
-0.064431
-0.078011
-0.028837
-0.024698
-0.021542
-0.065137
-0.017869
-0.077173
-0.032
-0.018175
-0.050484
-0.018149
-0.026269
-0.056123
-0.054938
-0.090395
-0.083008
-0.0088697
-0.038471
-0.084408
-0.041617
0.0011685
-0.070063
-0.039729
-0.074133
-0.051689
-0.070617
-0.067731
-0.061526
0.0034796
-0.090573
-0.057327
-0.069342
-0.02127
-0.0076757
-0.071284
-0.06788
-0.083365
-0.057338
-0.010063
-0.050309
-0.04122
-0.062408
-0.059875
-0.029076
-0.038707
-0.061217
-0.084939
-0.0082465
-0.082937
-0.082647
-0.049493
0.0046327
0.014159
-0.057208
-0.04663
-0.05478
0.012194
-0.0056294
-0.08162
-0.067481
-0.06939
0.014473
0.0046477
-0.062146
-0.046582
-0.045785
0.0032506
-0.005969
-0.015903
-0.045501
-0.031411
-0.016934
-0.042798
-0.018331
0.014442
0.018096
0.020129
0.0034549
-0.017225
-0.073425
-0.065646
-0.0026338
-0.012631
-0.0009818
0.020033
0.013438
-0.0012096
-0.056208
-0.006978
-0.051436
-0.013635
-0.029336
0.023281
-0.049115
-0.060376
-0.072693
-0.0019806
-0.043758
0.013377
-0.059172
-0.058765
-0.061184
-0.031436
-0.054383
0.0072068
-0.059467
-0.0060201
0.0066087
-0.064768
-0.036348
-0.030666
-0.019547
-0.036933
-0.013728
0.014672
0.00643
-0.031727
-0.028121
-0.037397
-0.029687
-0.033538
0.011217
-0.059717
-0.018551
-0.032899
-0.034338
-0.062661
-0.035909
-0.048251
-0.047823
-0.025486
-0.044556
-0.059717
-0.017866
0.02719
-0.057738
0.003104
-0.0054454
-0.031902
0.029878
0.030159
-0.022891
-0.027077
-0.038836
0.0039684
0.0026832
-0.036595
0.025329
0.031263
0.022926
0.0079066
-0.033694
0.023479
-0.052194
0.034567
-0.03886
-0.02869
-0.032105
-0.031192
0.012019
-0.012314
-0.022063
-0.062969
0.031106
-0.016334
-0.049986
-0.043438
-0.048758
0.017531
0.00022717
-0.02413
-0.014809
0.016402
-0.0013316
0.035429
0.031586
0.029789
0.011357
0.0042168
-0.042112
-0.032969
0.0044501
0.0065235
-0.03695
-0.0066457
-0.015379
-0.0033341
-0.040314
0.03398
-0.031833
0.032908
-0.045749
0.0021765
-0.032079
-0.0088806
-0.0129
-0.01134
-0.02063
-0.016274
-0.004074
-0.034299
0.018603
0.01257
0.036377
-0.032269
0.029116
0.015778
-0.016606
0.026678
-0.037249
0.019242
0.015956
0.039022
0.031054
-0.050765
-0.020336
0.040424
-0.0024553
0.037017
-0.032294
-0.018639
-0.030688
-0.012952
-0.047266
0.0099156
-0.0030474
-0.020469
0.016152
0.029091
-0.040041
-0.01879
0.017551
-0.014891
-0.0084759
0.0088556
-0.023647
-0.039292
0.011055
0.029655
-0.032595
-0.0076307
0.034862
0.042497
0.037396
0.021688
0.028148
0.025073
0.018555
-0.022919
-0.03536
0.05916
0.018843
0.0037763
-0.01129
-0.025625
-0.014489
-0.021603
-0.0025276
0.065757
0.016052
0.037468
0.013778
-0.004017
0.0433
-0.0094636
-0.010301
0.070469
0.035484
0.029837
0.0025518
0.047734
0.039081
0.017963
0.081428
0.06695
0.041619
0.02681
0.053536
0.03931
0.0045469
0.026824
0.049296
0.014062
0.027027
0.097865
0.064914
0.02727
0.013938
0.11102
0.082089
0.048743
0.044228
0.07291
0.08813
0.1096
0.091
0.075393
0.036173
0.042712
0.098712
0.069332
0.10499
0.038981
0.091714
0.081601
0.13543
0.097865
0.11518
0.10033
0.12555
0.065232
0.12188
0.062851
0.05557
0.13306
0.087377
0.091194
0.06511
0.12963
0.15786
0.088287
0.084033
0.088326
0.067914
0.14935
0.10588
0.083054
0.12628
0.099716
0.10601
0.11156
0.12146
0.097159
0.12973
0.15886
0.17172
0.11284
0.15415
0.17184
0.16796
0.11859
0.1689
0.10879
0.14559
0.15723
0.092061
0.13731
0.10592
0.074685
0.14857
0.15951
0.1472
0.079887
0.073724
0.07296
0.16342
0.10346
0.080026
0.13583
0.12032
0.15118
0.074816
0.10306
0.13543
0.12254
0.060501
0.12118
0.11393
0.099098
0.0863
0.10363
0.091624
0.12435
0.060495
0.052368
0.045791
0.04541
0.080676
0.054915
0.047203
0.11505
0.0815
0.033227
0.11781
0.046541
0.042985
0.11835
0.095391
0.07791
0.024187
0.074627
0.045644
0.01679
0.017935
0.099875
0.017729
0.10433
0.013772
0.060511
0.043065
0.070398
0.10447
0.026471
0.011691
0.073962
0.034161
0.026353
0.038366
0.028211
0.014785
0.019222
0.010964
0.035161
0.036423
0.056594
0.050785
0.026979
0.084326
0.048083
0.021435
0.075537
0.0053791
0.009664
0.016581
0.034852
0.0071313
0.027818
-0.0049918
0.073378
0.034941
0.079077
0.077867
-0.0026104
0.025276
0.05916
0.059778
0.022536
0.053896
0.08759
0.079891
0.0038694
0.090514
0.083201
0.030841
0.081218
-0.0020016
0.054503
0.074954
0.060971
0.025291
0.056669
0.02909
0.072842
0.078087
0.098674
0.048578
0.027582
0.064231
0.0064209
0.064718
0.095095
0.047312
0.067877
0.032603
0.062334
0.033377
0.11412
0.067062
0.073931
0.10554
0.11392
0.10425
0.10411
0.027769
0.068368
0.031357
0.084471
0.10523
0.097026
0.028184
0.11569
0.059445
0.096164
0.053191
0.09563
0.11719
0.056048
0.062096
0.09332
0.050092
0.036524
0.068021
0.023243
0.09449
0.032553
0.064646
0.054426
0.022502
0.051648
0.022771
0.087471
0.11396
0.096471
0.063184
0.059702
0.1014
0.027071
0.11759
0.1196
0.04288
0.12116
0.033533
0.12687
0.044628
0.039243
0.12286
0.062115
0.032346
0.039323
0.106
0.058932
0.1156
0.13486
0.088529
0.082635
0.077212
0.071279
0.096894
0.12691
0.079749
0.10699
0.12317
0.052645
0.12528
0.11719
0.091464
0.1049
0.16353
0.15292
0.14104
0.1737
0.10107
0.11599
0.18878
0.19885
0.19789
0.18887
0.18237
0.23247
0.20103
0.23738
0.24051
0.2793
0.27398
0.26286
0.31228
0.37427
0.41885
0.3951
0.37708
0.43619
0.47969
0.53884
0.55412
0.54468
0.59385
0.59289
0.69031
0.67615
0.69165
0.73307
0.76489
0.79412
0.83286
0.88236
0.83492
0.9377
0.88119
0.90557
1.0137
1.0345
1.0186
1.0705
1.0333
1.0988
1.1025
1.055
1.1488
1.1492
1.1712
1.1503
1.0933
1.1313
1.1076
1.0999
1.0898
1.1804
1.1775
1.1572
1.0756
1.1277
1.0784
1.076
1.0473
1.0282
1.0158
0.97507
0.95885
0.92005
0.98624
0.93128
0.92132
0.87731
0.82943
0.85425
0.7805
0.7556
0.72135
0.725
0.69179
0.69122
0.7029
0.62886
0.5662
0.63835
0.55527
0.52508
0.51248
0.46171
0.52249
0.49546
0.49707
0.41244
0.38976
0.3842
0.35442
0.37228
0.40451
0.37029
0.29241
0.26823
0.30697
0.30324
0.30142
0.26924
0.23289
0.29507
0.24875
0.28236
0.21965
0.19332
0.20509
0.21096
0.24893
0.2501
0.23585
0.18861
0.15379
0.21322
0.167
0.17622
0.21208
0.19935
0.19862
0.16499
0.19407
0.14428
0.15017
0.14475
0.16796
0.22285
0.12982
0.1251
0.20661
0.15788
0.15769
0.16682
0.12347
0.16113
0.14133
0.20279
0.19611
0.16687
0.19038
0.21278
0.1582
0.15247
0.20972
0.12962
0.14783
0.11737
0.12016
0.15965
0.20788
0.12944
0.15544
0.13562
0.11462
0.12555
0.17668
0.1327
0.1102
0.13241
0.13277
0.17488
0.14511
0.19877
0.18019
0.13184
0.17878
0.12386
0.15826
0.1089
0.14099
0.17345
0.18988
0.10517
0.11704
0.17122
0.13646
0.16856
0.15848
0.13256
0.19091
0.10863
0.1701
0.19814
0.13162
0.14812
0.14575
0.1388
0.19422
0.12025
0.1247
0.11591
0.16162
0.10737
0.15702
0.16907
0.15169
0.18488
0.14986
0.19784
0.18455
0.18028
0.19445
0.16723
0.15105
0.12991
0.1392
0.2021
0.16376
0.15032
0.14556
0.13706
0.19638
0.20075
0.22072
0.12446
0.17536
0.15956
0.15287
0.20423
0.16641
0.20828
0.20362
0.21986
0.16128
0.20251
0.14361
0.13977
0.17835
0.20868
0.14981
0.16621
0.19095
0.23858
0.2056
0.16728
0.19935
0.24231
0.19929
0.1726
0.15225
0.24937
0.2458
0.20481
0.17047
0.25023
0.25603
0.16622
0.19383
0.23327
0.22119
0.25348
0.24491
0.22158
0.24967
0.1929
0.21131
0.24527
0.2434
0.20365
0.18683
0.2252
0.22056
0.22331
0.25212
0.22309
0.23575
0.19659
0.19033
0.1981
0.19929
0.2567
0.26571
0.28964
0.22341
0.20951
0.23986
0.26048
0.20482
0.25475
0.22688
0.29066
0.23428
0.23432
0.25815
0.21684
0.26717
0.26585
0.21184
0.28379
0.2173
0.28473
0.22767
0.23292
0.29399
0.27332
0.21674
0.31354
0.25731
0.297
0.22187
0.22144
0.27668
0.23401
0.26436
0.3066
0.22825
0.23672
0.25091
0.27672
0.25221
0.26947
0.22925
0.23294
0.29549
0.28322
0.30938
0.26197
0.3068
0.26639
0.27871
0.2468
0.25277
0.27295
0.2857
0.28044
0.28091
0.23586
0.30588
0.32622
0.24841
0.30072
0.29807
0.29486
0.30619
0.28431
0.31186
0.27425
0.30703
0.30058
0.29784
0.26535
0.25242
0.28481
0.26547
0.24324
0.26781
0.26964
0.2573
0.3057
0.28482
0.23521
0.2801
0.23841
0.29661
0.27577
0.28358
0.30739
0.28173
0.28015
0.25191
0.27258
0.29281
0.24549
0.26411
0.30485
0.22738
0.24059
0.29586
0.26955
0.2597
0.26936
0.25704
0.25079
0.25398
0.25818
0.26198
0.24953
0.23199
0.21993
0.22542
0.24804
0.27206
0.27756
0.25285
0.25356
0.23609
0.1886
0.25345
0.26029
0.18356
0.20379
0.17918
0.21536
0.26025
0.18185
0.23668
0.18532
0.22384
0.18337
0.25653
0.2267
0.22191
0.25056
0.16814
0.21219
0.18921
0.15148
0.15752
0.23359
0.17822
0.17892
0.19647
0.21799
0.22062
0.18782
0.19391
0.19779
0.2137
0.14371
0.20314
0.1426
0.15633
0.12777
0.1283
0.15099
0.16549
0.11972
0.16053
0.13672
0.13493
0.19393
0.14552
0.10454
0.17441
0.1541
0.17919
0.17698
0.097062
0.18328
0.13603
0.1518
0.087907
0.12615
0.13364
0.16905
0.15469
0.12785
0.113
0.14125
0.12486
0.12791
0.15427
0.081143
0.13266
0.1507
0.11261
0.13676
0.13639
0.0628
0.12787
0.090932
0.11247
0.053392
0.073152
0.12045
0.063211
0.078254
0.1188
0.09207
0.10316
0.090869
0.084231
0.1088
0.090321
0.076392
0.097248
0.069509
0.10069
0.074358
0.058296
0.096902
0.051654
0.065588
0.037825
0.042412
0.021079
-0.0046906
0.07423
0.04235
0.011315
0.083804
0.026534
0.011503
0.074484
-0.014917
0.033439
-0.014431
-0.013651
-0.0057077
0.063174
0.029101
-0.015742
0.0053355
0.047831
0.027322
0.043483
0.006552
0.032527
0.033812
-0.035013
0.0092808
0.006606
-0.0054493
-0.023488
0.042382
-0.020599
-0.016216
0.021121
-0.012079
-0.049577
0.01866
-0.00030328
-0.015434
0.00056871
-0.058569
-0.0089402
-0.01645
0.020465
0.028013
-0.019005
-0.021748
0.028414
-0.064955
0.02149
-0.011228
0.01361
-0.018094
-0.017729
-0.0042221
-0.064776
-0.022999
-0.035912
0.00010032
-0.012439
-0.040583
-0.023677
-0.072507
-0.061462
-0.049778
-0.085339
0.012953
-0.0037658
0.00026565
-0.049394
-0.033761
-0.071502
-0.026428
-0.0042743
-0.029042
-0.076642
-0.035694
-0.0048414
-0.041407
-0.074517
0.0074291
-0.012314
-0.06598
-0.087229
-0.0067357
-0.039538
-0.024297
-0.081976
-0.013008
-0.056765
0.010981
-0.010555
-0.0093039
-0.012885
-0.053834
0.0090979
-0.056242
-0.0040478
-0.0093525
-0.021922
0.0036233
-0.037424
0.011583
-0.058523
-0.051967
-0.054408
-0.026609
-0.013652
-0.025296
-0.054479
-0.028607
-0.025648
-0.025168
-0.069012
-0.069799
0.0033502
-0.01486
-0.033866
-0.081288
-0.075546
-0.051696
-0.0059932
0.0098131
-0.068602
-0.0071621
-0.047912
-0.066847
0.0030004
-0.0077706
0.0074007
-0.024704
-0.037165
-0.011848
-0.045262
-0.042119
-0.055862
-0.064882
-0.0028331
-0.033925
-0.024025
-0.048803
0.013256
0.018866
-0.046892
0.011777
-0.057701
-0.03402
-0.075325
-0.0088565
0.013731
-0.065158
0.018379
-0.0038588
-0.036152
-0.0017238
-0.01102
-0.011767
-0.038725
-0.016906
0.021804
-0.061853
-0.066454
-0.038845
0.01647
-0.018947
0.024398
-0.065074
-0.043586
0.015013
0.010396
-0.067685
0.020406
-0.047756
-0.071852
-0.014054
0.017902
-0.0071888
-0.052967
-0.043217
-0.03067
-0.061122
0.026863
-0.048629
-0.043545
-0.029869
-0.0079916
-0.043751
0.014697
-0.033813
-0.042063
-0.014517
-0.057794
-0.013671
-0.02228
-0.031467
-0.017457
-0.067652
0.022168
-0.057482
-0.049672
-0.052138
0.011604
-0.069644
0.02876
-0.045804
-0.025097
0.0030294
-0.054751
-0.00034902
0.0070986
0.0083425
-0.044535
-0.022759
-0.0024176
-0.053557
-0.042673
-0.060412
-0.035179
-0.025456
0.0084043
0.029712
0.011554
-0.010984
0.017982
-0.033711
-0.0076795
-0.0042659
0.018132
-0.0065147
-0.01393
-0.032781
-0.022992
0.018218
0.030806
-0.019006
0.022764
-0.00028838
-0.018178
0.017043
0.0030107
-0.052903
-0.038707
-0.016009
-0.051341
-0.017128
0.013038
0.028547
-0.0018231
0.021213
-0.036666
0.028138
-0.026166
-0.047212
-0.0055243
-0.049522
0.027469
-0.0011959
-0.057904
-0.017356
0.024429
0.001173
-0.0031709
0.012422
0.033193
-0.021519
0.034397
0.029404
0.032742
-0.047992
0.040602
-0.016746
-0.0031339
0.034943
0.021898
-0.025104
0.025589
0.016662
-0.042562
-0.037555
0.036941
-0.0081593
-0.008806
0.040779
0.025293
-0.040454
0.02894
0.022002
-0.015145
-0.010606
0.033789
-0.008865
-0.013512
0.029398
-0.028674
0.037009
0.034541
-0.012955
0.047287
0.034929
-0.0089634
0.036696
0.0026861
-0.029923
-0.0022732
-0.011036
-0.020719
-0.031455
-0.015693
-0.012612
0.026143
-0.016038
0.03029
-0.022459
-0.028197
0.028583
0.02576
0.030325
0.012892
0.030889
0.028907
0.022435
0.0057343
-0.0085732
-0.012645
0.023919
0.0078248
-0.00092257
0.075822
0.072209
0.084928
0.046971
0.034999
0.0093761
0.04394
0.011989
0.097286
0.06459
0.096821
0.079635
0.10455
0.08018
0.090661
0.045997
0.056835
0.038695
0.079548
0.043209
0.081985
0.10279
0.073698
0.081986
0.03178
0.052182
0.10615
0.076071
0.10169
0.11606
0.12211
0.07383
0.076573
0.11682
0.085766
0.13446
0.11826
0.11551
0.072734
0.064341
0.14835
0.11978
0.11962
0.089998
0.078933
0.062056
0.11345
0.11808
0.098405
0.075199
0.067745
0.11518
0.15052
0.1384
0.094709
0.15652
0.084818
0.12231
0.09443
0.14883
0.062556
0.13782
0.14762
0.1085
0.13426
0.074892
0.078933
0.097488
0.13215
0.11515
0.064473
0.15459
0.13948
0.14713
0.13954
0.094124
0.12715
0.1465
0.11131
0.060992
0.081413
0.090637
0.056384
0.13309
0.1148
0.10879
0.12285
0.090392
0.11424
0.036996
0.057117
0.061472
0.11802
0.034095
0.081165
0.055743
0.078349
0.094957
0.0242
0.099297
0.069726
0.11535
0.10499
0.034509
0.051511
0.020473
0.10525
0.057038
0.0853
0.051776
0.09088
0.027846
0.042085
0.076066
0.0097097
0.033639
-0.0023743
0.027715
0.011808
0.068944
0.084256
0.03061
0.083107
0.057845
-0.0031752
0.038842
0.030784
0.013123
0.05604
-0.014821
0.076403
0.021172
0.050501
-0.01863
0.068547
0.077012
0.016392
-0.013161
0.0080344
-0.01417
0.028109
0.026351
-0.0067035
0.013641
0.05639
0.044265
0.0073515
0.025462
0.013851
0.025371
0.056321
0.072065
-0.018186
0.064015
0.055677
0.0060997
0.040538
0.060259
-0.0073217
-0.0036886
0.0083191
0.018544
0.0026472
0.080584
0.023149
0.067738
0.075115
0.0029571
0.073711
0.031385
0.04062
-0.011529
-0.0099198
0.023674
0.078671
0.013525
0.049824
0.085175
0.057018
0.030925
0.044974
0.090506
0.039693
0.0014582
0.0489
0.072282
0.029378
0.070552
0.091556
0.050859
0.069137
0.065477
0.01917
0.043473
0.10475
0.11725
0.043696
0.06774
0.077336
0.067615
0.077111
0.14099
0.11333
0.11743
0.10479
0.11154
0.15999
0.18089
0.20354
0.18392
0.21088
0.15963
0.21762
0.23585
0.22022
0.25734
0.26775
0.28477
0.28833
0.35688
0.34291
0.43365
0.44237
0.48458
0.47773
0.49046
0.57203
0.58366
0.54654
0.57611
0.60383
0.62438
0.73537
0.73375
0.78656
0.75721
0.82868
0.85743
0.84373
0.90709
0.95913
0.97711
0.99934
0.94694
1.0189
0.98966
1.0221
1.1003
1.0911
1.0526
1.1378
1.0979
1.096
1.1128
1.1165
1.1797
1.1301
1.1585
1.1063
1.1269
1.1399
1.1319
1.1062
1.0961
1.0872
1.0953
1.0386
1.0964
1.0726
1.0367
1.0395
0.96672
1.0095
0.95056
0.95635
0.90049
0.92612
0.89391
0.85653
0.80126
0.78793
0.72709
0.77164
0.74045
0.72425
0.65715
0.64889
0.59117
0.57119
0.58089
0.59248
0.55299
0.55425
0.48821
0.45781
0.42472
0.4139
0.38883
0.40577
0.35604
0.34503
0.37205
0.39074
0.34466
0.32184
0.36515
0.32387
0.26231
0.32529
0.25738
0.25694
0.29083
0.29358
0.28066
0.30202
0.27761
0.23724
0.22167
0.23076
0.27026
0.24457
0.1967
0.25136
0.17016
0.24995
0.19637
0.25919
0.24942
0.20825
0.21199
0.25229
0.18556
0.19066
0.16574
0.15883
0.1922
0.18691
0.19432
0.232
0.19277
0.15485
0.15585
0.14263
0.18661
0.16194
0.15362
0.23122
0.16577
0.21115
0.22489
0.21181
0.20603
0.14423
0.1391
0.23161
0.2109
0.13569
0.18653
0.13499
0.19914
0.1765
0.14961
0.19436
0.22639
0.16059
0.1514
0.19814
0.13485
0.17078
0.18215
0.18954
0.17797
0.19342
0.19097
0.22809
0.22446
0.22113
0.15947
0.22155
0.20978
0.14485
0.16345
0.15683
0.21862
0.1334
0.18165
0.15589
0.213
0.21369
0.16652
0.14352
0.21153
0.18252
0.18139
0.14974
0.18236
0.15035
0.13329
0.15593
0.16111
0.20392
0.22088
0.14783
0.1775
0.21454
0.17058
0.1868
0.17702
0.19008
0.17956
0.19443
0.20076
0.16156
0.15116
0.14375
0.14953
0.15969
0.15172
0.17381
0.22927
0.21607
0.15677
0.22465
0.19243
0.2245
0.2443
0.24666
0.16566
0.15818
0.172
0.21174
0.23596
0.19397
0.23192
0.17423
0.25908
0.23848
0.21851
0.19063
0.21124
0.21395
0.2605
0.23049
0.21429
0.25293
0.26315
0.25301
0.2496
0.22295
0.19912
0.24461
0.27858
0.23235
0.19382
0.19368
0.23588
0.26913
0.24223
0.20351
0.28826
0.29164
0.26941
0.28011
0.24307
0.28592
0.21534
0.22895
0.24853
0.28137
0.30111
0.27184
0.22241
0.21515
0.22363
0.31186
0.26338
0.30195
0.23853
0.24484
0.2849
0.30173
0.25085
0.27622
0.24068
0.29268
0.26952
0.23298
0.23933
0.24599
0.2815
0.31878
0.25283
0.30741
0.2823
0.24621
0.24814
0.28372
0.25947
0.25691
0.32007
0.33875
0.30556
0.33737
0.31959
0.3369
0.32357
0.34507
0.31523
0.25928
0.30308
0.34175
0.30777
0.27125
0.33457
0.29474
0.33577
0.34405
0.32552
0.29297
0.29782
0.35329
0.27372
0.31377
0.28993
0.29305
0.35077
0.28872
0.28463
0.32532
0.27196
0.30632
0.26198
0.32771
0.33294
0.27656
0.31161
0.34691
0.26852
0.28991
0.3412
0.33276
0.26589
0.2647
0.26803
0.32889
0.32585
0.27514
0.3055
0.25898
0.35166
0.29152
0.31152
0.27432
0.32225
0.29612
0.31856
0.33459
0.26376
0.30361
0.28836
0.30662
0.25258
0.25972
0.32729
0.24986
0.3281
0.29745
0.30824
0.29503
0.30948
0.26346
0.31883
0.24989
0.23625
0.31319
0.25472
0.3297
0.32643
0.25946
0.28158
0.29146
0.30245
0.26735
0.31985
0.26171
0.22648
0.24525
0.23849
0.30054
0.30464
0.2267
0.26182
0.24878
0.23888
0.30142
0.22606
0.29476
0.27246
0.26867
0.21971
0.23515
0.2147
0.2227
0.28344
0.26229
0.26721
0.28374
0.18685
0.18431
0.22527
0.25158
0.26502
0.27609
0.22225
0.20653
0.19976
0.17068
0.20279
0.20556
0.25041
0.23571
0.2443
0.17131
0.1991
0.18709
0.15495
0.24344
0.19041
0.18973
0.1694
0.19763
0.21387
0.16476
0.2216
0.18169
0.15381
0.18338
0.17275
0.20373
0.15468
0.16495
0.19578
0.14118
0.12435
0.19854
0.15796
0.18157
0.16705
0.16799
0.12605
0.11871
0.20223
0.15067
0.18631
0.18796
0.10141
0.14419
0.12064
0.14562
0.17972
0.16284
0.098204
0.17419
0.16053
0.094548
0.082002
0.16655
0.14119
0.092304
0.13678
0.068384
0.081976
0.093077
0.070354
0.096496
0.15423
0.066087
0.12893
0.055555
0.09391
0.092496
0.085301
0.093453
0.090243
0.086895
0.057358
0.12077
0.13438
0.13173
0.1152
0.078215
0.10544
0.04857
0.054766
0.064376
0.11114
0.063573
0.026496
0.1095
0.025104
0.04889
0.066002
0.081378
0.023406
0.035334
0.068992
0.027392
0.015154
0.071919
0.023247
0.072117
0.070751
0.055548
0.0093522
0.025229
0.051088
0.068626
0.053297
-0.0083658
0.053278
0.013546
0.029924
0.04063
-0.014592
0.0098244
0.00059903
0.053373
0.024496
-0.013296
0.048753
0.041803
-0.014639
0.012212
0.031926
0.071484
0.025783
0.019922
0.0093045
0.042517
0.012363
0.063583
0.042858
0.049892
0.015962
0.0023391
0.0038667
0.054187
0.023363
0.047449
0.057066
0.040406
-0.025815
0.039159
0.019701
-0.0042189
-0.021359
0.008314
-0.0048244
0.03811
-0.027047
0.045728
0.01596
0.01897
0.018214
0.0018875
0.013785
-0.0015418
0.008405
-0.032642
-0.041117
0.049237
0.050897
0.031868
-0.020262
-0.035896
0.017396
0.035619
0.036577
-0.0053164
-0.0013741
-0.0061081
0.046564
0.028797
0.01636
0.045933
0.050075
0.031885
0.029717
-0.021041
0.00496
-0.03002
-0.027392
0.04033
0.011835
0.05038
-0.020348
-0.02633
-0.030212
0.017403
0.020784
0.046366
-0.037358
-0.0070874
0.059946
-0.035017
-0.037965
0.0057631
0.059051
0.043708
0.0089857
0.048468
0.00024943
-0.013681
-0.025082
-0.031082
-0.033524
0.040426
0.04143
-0.005784
0.01645
0.063983
0.058486
-0.013053
-0.015593
0.043262
0.024711
-0.011812
0.00075605
0.0094238
0.0094436
0.0085849
0.042875
0.048395
0.023839
-0.012975
0.00029415
-0.0073466
0.0089002
-0.031504
0.038433
-0.0058844
0.033287
0.050979
0.048784
0.029715
-0.030253
-0.018448
0.0050782
0.050527
0.054857
-0.025258
-0.0034904
-0.0012543
0.04136
-0.017394
0.043622
0.038638
0.041151
0.037009
0.0035486
-0.0041988
0.0093509
0.036478
-0.0060976
0.063167
-0.0084173
0.019498
0.046669
0.034285
0.067444
0.030127
-0.0038116
0.052796
0.069437
0.0019644
0.068551
0.040901
0.020953
-0.0019097
0.0076941
0.042304
0.033847
0.034357
0.049583
0.063601
0.071199
0.0047574
0.043576
0.0022124
0.052597
0.011221
-0.0048038
0.033562
0.025104
-0.016571
0.031393
0.059847
-0.012444
-0.02312
0.0038172
0.024657
-0.0019648
-0.011474
0.06624
0.044583
-0.0086264
0.056158
0.054467
0.045606
0.068186
-0.018847
0.014564
0.067222
0.023008
-0.018986
0.056518
0.023756
0.06607
0.0098519
0.053507
0.034343
-0.011615
0.026178
0.070211
0.051459
0.032959
0.0056984
0.076067
0.080054
0.046789
0.05443
0.0084389
0.033485
0.016791
0.017864
0.020226
0.055015
0.073227
0.038286
0.023
0.0043972
0.039864
-0.0092556
0.012889
0.008532
0.025005
0.01011
0.018502
0.050972
0.027107
0.04779
0.034738
0.062603
0.014574
0.006568
0.054315
0.042916
-0.010886
0.034673
0.053942
0.0093881
0.086866
0.064458
0.060086
0.079762
0.034597
0.069468
0.057163
0.006886
0.036129
0.070983
0.025935
0.058549
0.012508
0.010954
0.0054417
0.091558
0.079029
0.00038882
0.070916
0.067313
0.097052
0.012835
0.065424
0.070305
0.010762
0.04228
0.021308
0.046266
0.021944
0.047395
0.040786
0.010051
0.096249
0.0098303
0.09813
0.080659
0.030041
0.067085
0.082201
0.10435
0.056544
0.025472
0.079573
0.031239
0.062396
0.12102
0.11144
0.031992
0.05102
0.028772
0.12513
0.091804
0.056866
0.12629
0.092251
0.11516
0.083722
0.073769
0.09965
0.062195
0.053643
0.094462
0.080775
0.14942
0.067017
0.056317
0.05675
0.13709
0.058824
0.11189
0.10806
0.12418
0.10505
0.12181
0.10378
0.15229
0.15168
0.17162
0.13875
0.088537
0.1365
0.14617
0.1648
0.13484
0.08932
0.18611
0.14946
0.0975
0.14438
0.10119
0.14769
0.09623
0.1196
0.17841
0.12673
0.16743
0.19095
0.14512
0.15741
0.16442
0.1837
0.17873
0.14359
0.15434
0.19988
0.12684
0.2044
0.1991
0.18021
0.18893
0.18094
0.18339
0.168
0.13872
0.13393
0.11706
0.19255
0.12339
0.14051
0.15247
0.19647
0.17419
0.18602
0.16088
0.17022
0.11636
0.16612
0.14894
0.12978
0.13137
0.17601
0.1851
0.093282
0.10706
0.13127
0.10319
0.11917
0.088537
0.14154
0.10352
0.1246
0.17766
0.16594
0.12178
0.11677
0.11829
0.1217
0.16244
0.079961
0.10365
0.15721
0.091808
0.068991
0.10735
0.075482
0.15232
0.1578
0.1051
0.058741
0.13213
0.10489
0.1511
0.1054
0.068661
0.058207
0.11769
0.10173
0.045218
0.077729
0.073155
0.066977
0.061123
0.12847
0.059786
0.076458
0.037135
0.051656
0.059141
0.10214
0.1217
0.12485
0.076574
0.036745
0.079076
0.097387
0.07056
0.046023
0.10557
0.087121
0.10406
0.037194
0.054559
0.088384
0.076355
0.039393
0.11421
0.07068
0.060063
0.10221
0.084759
0.029796
0.12346
0.037704
0.10693
0.046152
0.094485
0.051089
0.080231
0.10746
0.10504
0.048011
0.050447
0.048429
0.057822
0.033688
0.066125
0.10305
0.033377
0.068548
0.1164
0.077817
0.1345
0.057253
0.063964
0.11459
0.12069
0.12966
0.086262
0.11391
0.14226
0.12705
0.091461
0.12861
0.13237
0.099921
0.12485
0.088328
0.1408
0.10801
0.047995
0.12829
0.12645
0.14132
0.13713
0.1159
0.095991
0.11899
0.059383
0.12458
0.12876
0.12621
0.12464
0.088478
0.16148
0.18213
0.12883
0.15467
0.13543
0.1772
0.20516
0.16936
0.19525
0.22926
0.2945
0.24959
0.26047
0.34327
0.36697
0.38938
0.42218
0.4504
0.47099
0.49318
0.50849
0.53638
0.56523
0.54008
0.57791
0.60788
0.67541
0.64672
0.64949
0.75939
0.78952
0.77842
0.81632
0.86184
0.88306
0.93234
0.93668
0.98079
1.0069
0.97853
0.97956
1.0665
1.0443
1.0579
1.1074
1.1633
1.1726
1.1945
1.2046
1.1976
1.2032
1.2387
1.2368
1.1917
1.2342
1.1661
1.148
1.2266
1.2029
1.2136
1.1971
1.2049
1.16
1.1683
1.0954
1.0784
1.1271
1.0452
1.0348
1.0531
0.97664
0.95694
0.93629
0.88761
0.91886
0.89054
0.83325
0.84584
0.81779
0.82584
0.76811
0.72698
0.69661
0.70177
0.65842
0.65974
0.62242
0.55916
0.59959
0.52508
0.53383
0.5207
0.48994
0.47611
0.52981
0.46489
0.4726
0.40002
0.46045
0.43812
0.42082
0.35393
0.42587
0.41199
0.40104
0.31048
0.39815
0.32222
0.34535
0.3157
0.31462
0.29636
0.29674
0.29995
0.33116
0.26642
0.29355
0.26663
0.25445
0.25694
0.33416
0.24062
0.26837
0.24789
0.27484
0.3248
0.27569
0.24821
0.31949
0.31339
0.25202
0.23986
0.28118
0.27207
0.26257
0.22809
0.29122
0.28394
0.28145
0.2412
0.24018
0.29516
0.24353
0.24602
0.2657
0.30232
0.29971
0.28991
0.22634
0.29335
0.31377
0.22632
0.26155
0.22698
0.22785
0.24351
0.27316
0.28405
0.25852
0.26378
0.26451
0.21313
0.2804
0.24838
0.21172
0.23825
0.2668
0.29305
0.22689
0.23751
0.28772
0.22055
0.26094
0.21234
0.28835
0.29618
0.28966
0.25828
0.24378
0.28291
0.23406
0.23579
0.30421
0.2468
0.26677
0.30632
0.26778
0.23617
0.24966
0.21961
0.28594
0.30544
0.28408
0.27286
0.23769
0.28742
0.30393
0.23122
0.29583
0.31356
0.30373
0.22317
0.2654
0.24955
0.31055
0.31053
0.25238
0.25158
0.25723
0.23766
0.23202
0.23765
0.256
0.23886
0.26653
0.27317
0.287
0.29566
0.32724
0.2749
0.31623
0.25029
0.2838
0.30291
0.2618
0.33963
0.28006
0.32809
0.28311
0.33801
0.32881
0.33718
0.26308
0.35012
0.27961
0.34078
0.26244
0.3022
0.32666
0.33253
0.26703
0.32172
0.30653
0.27721
0.32884
0.27821
0.29269
0.35199
0.33815
0.33421
0.29023
0.32421
0.35553
0.29104
0.3573
0.28013
0.31168
0.38003
0.30587
0.3184
0.32156
0.33533
0.32119
0.35394
0.30404
0.33496
0.33023
0.3853
0.31359
0.36367
0.31492
0.33251
0.31076
0.38723
0.39119
0.33759
0.39303
0.38627
0.37017
0.33073
0.3461
0.32208
0.3913
0.37213
0.32534
0.33069
0.34585
0.36908
0.34911
0.37778
0.35494
0.39172
0.33878
0.40846
0.38475
0.38178
0.35284
0.40425
0.40856
0.35631
0.32757
0.34742
0.32328
0.36346
0.38754
0.33434
0.395
0.39739
0.35791
0.35272
0.32616
0.41566
0.39708
0.35902
0.37941
0.36072
0.388
0.37335
0.38535
0.32944
0.41033
0.36506
0.38865
0.39988
0.40067
0.41426
0.33311
0.38111
0.34288
0.34148
0.40797
0.34455
0.38391
0.32498
0.38878
0.36729
0.41584
0.33068
0.34993
0.39147
0.34725
0.40783
0.40755
0.3635
0.3859
0.31587
0.35831
0.37803
0.31912
0.4071
0.31677
0.30979
0.40553
0.36506
0.37846
0.32846
0.34984
0.34482
0.39092
0.32875
0.35682
0.31086
0.31916
0.30515
0.33709
0.29856
0.33594
0.36464
0.3827
0.34787
0.33394
0.37864
0.34194
0.30687
0.37773
0.37209
0.36483
0.28329
0.3162
0.28804
0.32301
0.28951
0.28888
0.33001
0.33209
0.26718
0.27086
0.32803
0.28603
0.32247
0.32397
0.27038
0.26112
0.34268
0.33694
0.25846
0.29035
0.32347
0.29354
0.33459
0.31324
0.29383
0.32463
0.30395
0.2967
0.29093
0.30188
0.22672
0.22673
0.29909
0.26256
0.21648
0.30885
0.28454
0.2129
0.26612
0.28205
0.29679
0.22133
0.25519
0.276
0.21221
0.26059
0.24578
0.25039
0.22343
0.18554
0.27268
0.20626
0.2338
0.23204
0.23579
0.22893
0.20935
0.24841
0.18164
0.22351
0.17841
0.20473
0.21541
0.15808
0.20473
0.19862
0.17931
0.19093
0.18638
0.17482
0.21856
0.1744
0.15912
0.14264
0.18257
0.19511
0.22103
0.21582
0.17014
0.20829
0.17564
0.17612
0.15848
0.21479
0.21537
0.14057
0.16382
0.16195
0.13355
0.19876
0.19841
0.19545
0.16124
0.14916
0.12547
0.16431
0.16731
0.12346
0.14629
0.13635
0.1639
0.15302
0.15919
0.16762
0.11492
0.15731
0.14172
0.14618
0.14665
0.12348
0.10417
0.14667
0.15392
0.094646
0.082183
0.095741
0.099348
0.12113
0.12418
0.13174
0.11122
0.095503
0.11035
0.071463
0.074004
0.06529
0.12766
0.14823
0.063843
0.099092
0.11791
0.1191
0.06751
0.10726
0.10525
0.071298
0.1289
0.07017
0.071318
0.097428
0.043514
0.044354
0.091395
0.11161
0.068037
0.037508
0.082921
0.040367
0.10453
0.10189
0.041892
0.075094
0.088984
0.026649
0.07244
0.096894
0.037016
0.11387
0.032159
0.066964
0.069023
0.034601
0.026314
0.035937
0.076294
0.031152
0.073272
0.049971
0.080185
0.042779
0.095156
0.094255
0.037306
0.064108
0.049547
0.10109
0.091873
0.035508
0.10182
0.055198
0.034831
0.081197
0.061336
0.032915
0.039322
0.074657
0.093817
0.057727
0.079448
0.024508
0.076443
0.094609
0.10094
0.087057
0.015813
0.05298
0.047772
0.09473
0.038988
0.10337
0.029373
0.06533
0.038685
0.027468
0.10507
0.037443
0.023437
0.062155
0.090177
0.034731
0.057265
0.083367
0.071324
0.028902
0.093451
0.11388
0.020777
0.031974
0.03686
0.065567
0.077908
0.098346
0.10708
0.043035
0.020204
0.031807
0.037613
0.11187
0.082911
0.068892
0.081891
0.084174
0.071317
0.041772
0.078158
0.044539
0.099979
0.049953
0.044221
0.11208
0.081184
0.093963
0.10152
0.052623
0.076068
0.10882
0.038684
0.095319
0.079518
0.092538
0.073157
0.084216
0.085389
0.079802
0.10559
0.073607
0.059152
0.10819
0.068545
0.037786
0.11115
0.1057
0.07357
0.049577
0.057947
0.042628
0.038115
0.11512
0.070735
0.06304
0.091983
0.080674
0.051377
0.060629
0.025798
0.098554
0.10632
0.1052
0.039921
0.090748
0.045935
0.071074
0.059619
0.12222
0.063389
0.033191
0.037957
0.12417
0.056168
0.10674
0.091027
0.052164
0.11899
0.079299
0.10193
0.12553
0.10803
0.04124
0.093414
0.097309
0.068034
0.057208
0.109
0.055784
0.02816
0.1129
0.12596
0.092661
0.051723
0.038353
0.041919
0.079248
0.12092
0.11654
0.12403
0.02838
0.081544
0.095609
0.096967
0.086183
0.098193
0.081318
0.089877
0.10971
0.078815
0.087769
0.036455
0.086137
0.042941
0.12673
0.049138
0.086958
0.10772
0.037838
0.030574
0.089857
0.045681
0.06767
0.056707
0.040021
0.059197
0.06807
0.12876
0.064006
0.11717
0.044995
0.042561
0.067559
0.037525
0.055756
0.061441
0.097029
0.038479
0.036966
0.033467
0.11227
0.1291
0.094884
0.074945
0.043368
0.087811
0.051307
0.078298
0.085446
0.050666
0.13578
0.11129
0.083002
0.06439
0.089326
0.058221
0.047961
0.13691
0.077185
0.12073
0.098494
0.088218
0.052757
0.12282
0.046206
0.11927
0.079165
0.10864
0.12361
0.14654
0.088016
0.089876
0.11207
0.060217
0.13754
0.062228
0.13716
0.0799
0.096613
0.11839
0.11079
0.093791
0.078993
0.083338
0.1041
0.11359
0.077373
0.15698
0.13734
0.097637
0.080483
0.082773
0.095347
0.13566
0.15979
0.13708
0.083477
0.12899
0.1003
0.10373
0.096185
0.13473
0.13899
0.13016
0.15202
0.15289
0.16422
0.10695
0.20198
0.11602
0.13053
0.10858
0.13217
0.1476
0.16845
0.20514
0.17662
0.14103
0.13676
0.12331
0.20862
0.12767
0.18823
0.21194
0.22584
0.13618
0.13651
0.13597
0.18591
0.16199
0.23332
0.22817
0.15252
0.15637
0.22098
0.17481
0.22945
0.19117
0.2202
0.16994
0.19196
0.19673
0.21056
0.23268
0.19874
0.16652
0.14345
0.19094
0.15897
0.15516
0.22451
0.18325
0.18199
0.14956
0.20239
0.21488
0.2056
0.22996
0.13967
0.19684
0.18773
0.18958
0.16253
0.15542
0.16372
0.15203
0.13571
0.19563
0.15385
0.13977
0.17637
0.13085
0.13898
0.12213
0.16566
0.1173
0.17988
0.19788
0.18641
0.20011
0.17714
0.13005
0.1745
0.14727
0.154
0.11623
0.11466
0.17643
0.16738
0.1112
0.10995
0.11356
0.092622
0.15407
0.16776
0.14192
0.1334
0.083689
0.088997
0.12676
0.099125
0.17122
0.10317
0.13626
0.15821
0.14164
0.10171
0.14449
0.15372
0.072423
0.13474
0.092011
0.10981
0.13836
0.074803
0.11239
0.13361
0.14872
0.15353
0.081364
0.066785
0.08171
0.10969
0.070966
0.15521
0.060647
0.11407
0.061736
0.14241
0.13145
0.14646
0.077949
0.092195
0.089971
0.076372
0.084015
0.090694
0.094056
0.15217
0.13662
0.11565
0.091258
0.10764
0.095418
0.071471
0.06433
0.14988
0.15342
0.0779
0.13751
0.10406
0.080841
0.11501
0.10095
0.13444
0.1476
0.11333
0.12482
0.1165
0.084849
0.15246
0.12569
0.12552
0.15876
0.11083
0.11979
0.16906
0.14279
0.14966
0.16204
0.13826
0.1046
0.1526
0.18755
0.15719
0.16348
0.19449
0.13591
0.17217
0.17072
0.19265
0.17559
0.21893
0.16249
0.20655
0.22583
0.21539
0.17382
0.24221
0.20592
0.25846
0.24424
0.2969
0.2733
0.36769
0.35484
0.38328
0.41567
0.44325
0.44624
0.41733
0.49205
0.46153
0.50138
0.54042
0.60329
0.63819
0.68816
0.7247
0.69159
0.70096
0.72837
0.78991
0.83998
0.84575
0.91212
0.88391
0.95748
0.9173
0.93914
0.98002
1.0461
1.038
1.0641
1.1164
1.1313
1.1086
1.1559
1.1791
1.1408
1.1961
1.1257
1.1957
1.1434
1.1415
1.1746
1.1925
1.2088
1.1972
1.1501
1.1879
1.1726
1.1643
1.154
1.1144
1.068
1.0329
1.0062
1.0103
1.0059
0.95116
0.94842
0.89455
0.94755
0.9102
0.89935
0.79267
0.80846
0.80428
0.8046
0.72429
0.70009
0.71031
0.62768
0.63272
0.59745
0.64363
0.61513
0.5812
0.58878
0.47431
0.45927
0.47565
0.50316
0.47089
0.48115
0.37888
0.45127
0.40737
0.33716
0.3332
0.38766
0.30638
0.36298
0.32241
0.35829
0.28654
0.31519
0.27631
0.33649
0.28269
0.32229
0.30138
0.23261
0.24386
0.24969
0.2285
0.2768
0.23447
0.2557
0.22808
0.27377
0.25824
0.28945
0.19865
0.20301
0.23102
0.23536
0.21176
0.2639
0.27014
0.24695
0.20387
0.27195
0.25826
0.24257
0.26045
0.21959
0.23145
0.2571
0.20298
0.20947
0.19513
0.2685
0.23304
0.18926
0.20724
0.23459
0.25649
0.23814
0.19461
0.21339
0.18642
0.23679
0.18205
0.19658
0.22405
0.20726
0.17626
0.22519
0.25224
0.22326
0.24888
0.24658
0.24527
0.17717
0.19769
0.16698
0.20556
0.22893
0.16695
0.2608
0.24293
0.21037
0.21636
0.19048
0.18158
0.22948
0.20696
0.22621
0.23812
0.18226
0.21212
0.18678
0.17023
0.21522
0.19313
0.18459
0.2519
0.2027
0.1739
0.16686
0.17449
0.19457
0.22026
0.23678
0.18258
0.26792
0.22322
0.17298
0.262
0.21538
0.18421
0.2126
0.20575
0.19469
0.24028
0.26309
0.26713
0.19683
0.21547
0.26311
0.22917
0.22934
0.19502
0.2374
0.22624
0.25283
0.19208
0.21475
0.26765
0.19637
0.24705
0.19506
0.21719
0.21862
0.22783
0.20407
0.23742
0.21851
0.29208
0.2046
0.21226
0.29837
0.22451
0.25715
0.24542
0.29508
0.25235
0.21928
0.27386
0.2247
0.28866
0.2207
0.27777
0.26114
0.2684
0.24888
0.27015
0.29964
0.24413
0.25846
0.22879
0.25952
0.2998
0.27696
0.23729
0.27947
0.26613
0.27633
0.28488
0.24514
0.29548
0.26842
0.26497
0.24826
0.2616
0.30467
0.33746
0.34149
0.27969
0.34621
0.25026
0.29343
0.27436
0.27173
0.31188
0.2597
0.26482
0.26631
0.30357
0.30472
0.35701
0.29567
0.27412
0.31823
0.36028
0.35364
0.35108
0.2931
0.34705
0.36178
0.3147
0.33537
0.2999
0.34288
0.29509
0.30178
0.28789
0.29342
0.36008
0.35922
0.31647
0.30645
0.34622
0.32497
0.36717
0.32708
0.31118
0.3181
0.3472
0.29627
0.30434
0.32852
0.34253
0.3762
0.34617
0.37424
0.34688
0.31519
0.36573
0.33261
0.29177
0.30205
0.32977
0.29818
0.28888
0.327
0.29456
0.31323
0.33225
0.33967
0.37118
0.36615
0.37249
0.30954
0.27731
0.29411
0.34443
0.35014
0.33859
0.33015
0.3119
0.35546
0.33908
0.3462
0.29807
0.336
0.35595
0.34213
0.35408
0.31067
0.30706
0.3655
0.32941
0.36209
0.28601
0.3482
0.29381
0.30255
0.35855
0.27401
0.30085
0.30522
0.28066
0.33349
0.29024
0.31991
0.28477
0.28998
0.28563
0.32138
0.27052
0.32143
0.26609
0.28506
0.28937
0.30001
0.23742
0.29665
0.24107
0.29053
0.30983
0.2989
0.23082
0.31505
0.28177
0.32173
0.2468
0.28059
0.29329
0.29716
0.24396
0.27147
0.26222
0.2412
0.24302
0.22291
0.22647
0.2686
0.24071
0.20752
0.27685
0.264
0.26989
0.22509
0.21433
0.28049
0.19891
0.23428
0.27402
0.19196
0.21545
0.17863
0.18252
0.23241
0.25516
0.22853
0.22576
0.16777
0.17515
0.24226
0.25814
0.16029
0.21346
0.2376
0.17643
0.2081
0.24165
0.16837
0.23014
0.19858
0.14993
0.17372
0.19156
0.13737
0.21928
0.20549
0.17767
0.18296
0.19604
0.17293
0.19274
0.20256
0.21009
0.15671
0.17134
0.16716
0.19859
0.1146
0.11796
0.17902
0.1434
0.1586
0.1533
0.10189
0.095861
0.13427
0.093559
0.16831
0.11248
0.083468
0.11681
0.14702
0.10946
0.13284
0.095592
0.10042
0.091953
0.14362
0.07426
0.12194
0.14845
0.14186
0.11291
0.10228
0.11309
0.10286
0.12034
0.14361
0.11464
0.13903
0.093219
0.1059
0.090459
0.058095
0.06707
0.048838
0.1003
0.085789
0.056133
0.048074
0.080957
0.076137
0.11687
0.042677
0.070307
0.038407
0.060295
0.044326
0.072728
0.097291
0.043584
0.022463
0.082747
0.077785
0.04812
0.083859
0.058971
0.0082504
0.058367
0.054709
0.032907
0.068132
0.060266
0.048304
0.059494
0.072988
0.089889
-0.0027164
-0.0075138
0.017726
0.084503
0.053275
0.054565
0.0026388
-0.0056046
-0.0077141
-0.003236
0.078052
0.041367
8.4425e-05
0.053267
0.047488
0.064775
0.067621
0.029846
0.066525
0.034862
-0.018725
-0.0043903
0.032118
-0.026719
0.0019381
0.050827
0.028505
-0.011442
0.056023
0.043241
-0.018472
-0.033987
0.0079949
-0.036785
0.019468
-0.017269
-0.034882
0.036311
0.054579
0.01123
0.020637
0.027662
0.05161
0.025403
0.041423
0.027006
0.036601
0.041591
-0.015103
0.015724
-0.0059052
-0.039491
-0.026243
-0.0032848
0.048673
0.048248
-0.041341
-0.027211
0.0075289
0.037725
0.044482
0.014482
0.034262
0.026248
0.036643
0.040317
0.015655
0.054255
0.013367
0.042292
0.019374
-0.020842
-0.042693
0.030988
0.030318
0.025752
-0.00060964
-0.010545
-0.011109
-0.013472
0.011798
0.018715
-0.0086774
-0.025583
0.052757
0.03447
-0.030549
0.057882
0.024569
-0.0022684
0.05549
-0.024617
-0.00080468
0.013786
-0.038855
0.0066755
0.0098173
-0.023014
0.060074
0.035542
-0.020017
0.022779
-0.034231
0.013015
0.044538
0.023937
-0.015719
-0.026357
-0.033732
0.040148
-0.024663
-0.024132
0.012325
-0.012474
0.0068318
0.054729
-0.0013305
0.056423
-0.033102
0.045297
0.044221
0.023548
0.007408
-0.023083
0.0040173
0.051611
0.013134
0.048217
0.026674
0.053129
0.0091021
0.0093259
-0.028087
0.034621
-0.035278
0.02291
-0.0019783
0.035552
0.061996
-0.026319
0.036382
0.037482
0.045831
0.013205
-0.026541
-0.0090803
0.040716
0.00082714
0.016614
0.016128
0.055371
0.05753
0.0066047
0.011525
0.059862
0.031096
0.047307
0.021189
-0.027674
-0.01501
0.056847
0.042728
0.057265
0.030988
0.032933
0.05927
0.040446
0.059984
0.031225
0.041526
0.026113
0.058132
-0.022292
0.013571
-0.0032786
0.031867
-0.018051
-0.027741
0.063803
0.0067302
0.055134
-0.011276
0.029191
0.044724
0.0046888
0.026611
-0.023098
0.014765
-0.00084863
0.066722
0.050836
0.046267
-0.0080344
0.066628
-0.022865
0.068501
0.0052778
-0.0066032
-0.013333
-0.0084072
-0.0098362
0.0099439
0.061278
-0.002772
0.025063
-0.024999
0.054928
-0.0034224
-0.015204
-0.00094619
-0.0039409
0.052763
0.0046677
0.060336
-0.018072
-0.0088411
-0.010601
0.002446
0.011885
0.04533
-0.0061689
0.032258
0.025077
0.041306
0.0045883
0.026111
0.066624
0.0025311
0.010813
0.07456
-0.0031381
0.075417
0.066303
0.066291
0.0029946
0.010806
0.04991
0.0094265
0.0030746
-0.020411
0.031335
0.053172
0.025509
0.039854
0.042127
0.0023555
0.077845
0.047917
0.013795
0.05022
0.069995
-0.011806
0.046442
-0.0019776
0.028806
-0.0022956
0.076268
0.060507
-0.0066505
-0.0073648
0.085769
0.0085453
0.047117
0.0035328
0.050471
0.011846
0.037964
0.086969
0.00161
0.087332
0.03323
0.077839
0.087213
0.044304
0.022251
0.02531
0.080923
0.11248
0.031908
0.017093
0.047
0.027241
0.064596
0.062243
0.046893
0.1024
0.072876
0.1203
0.077438
0.10685
0.094511
0.091548
0.081877
0.083161
0.042892
0.12654
0.062448
0.082291
0.084388
0.096936
0.097747
0.10808
0.11541
0.10534
0.058176
0.12368
0.1398
0.072156
0.093274
0.15665
0.11147
0.075495
0.14321
0.16279
0.12399
0.11891
0.14481
0.13846
0.13146
0.091246
0.11866
0.13934
0.11863
0.15414
0.15391
0.11173
0.13118
0.17042
0.11309
0.098796
0.093048
0.099787
0.12706
0.1171
0.096994
0.092076
0.17502
0.13686
0.13719
0.12548
0.084781
0.17542
0.11703
0.16121
0.17093
0.08426
0.092851
0.14392
0.16786
0.12242
0.13507
0.14775
0.14618
0.11691
0.15724
0.15096
0.13626
0.081807
0.15004
0.14143
0.11445
0.063869
0.071414
0.10766
0.11752
0.070931
0.11452
0.085805
0.10891
0.10435
0.072542
0.14232
0.054761
0.085072
0.043805
0.12066
0.065328
0.12133
0.063723
0.04134
0.04322
0.040007
0.089965
0.073499
0.042986
0.11833
0.033773
0.036534
0.090818
0.10684
0.070686
0.085873
0.090059
0.022753
0.10457
0.034183
0.087554
0.026779
0.095183
0.070752
0.070361
0.061456
0.088384
0.013967
0.011083
0.081554
0.084118
0.040575
0.040445
0.023084
0.062994
0.032851
0.025729
0.076327
0.012987
0.016473
0.030358
0.07458
0.070624
0.07632
0.096223
0.04576
0.024184
0.00044777
0.034466
0.02242
0.036833
0.02495
0.056181
0.09654
0.036189
0.055586
0.074791
0.021594
0.074717
0.03962
0.028641
0.091244
0.085126
0.046563
0.050343
0.066676
0.088002
0.02503
0.0086556
0.068801
0.04414
0.075619
0.064155
0.088544
0.056538
0.068578
0.10572
0.05426
0.073771
0.099471
0.098023
0.10907
0.023826
0.038965
0.038637
0.089867
0.029262
0.10415
0.12076
0.059299
0.092777
0.072874
0.105
0.046504
0.094286
0.048261
0.10637
0.073237
0.14967
0.13441
0.099964
0.1589
0.18269
0.20055
0.12272
0.18402
0.18865
0.16325
0.22967
0.24243
0.2314
0.27072
0.27703
0.29751
0.2912
0.33997
0.41267
0.34625
0.46006
0.45336
0.50066
0.52391
0.54527
0.56793
0.53362
0.63471
0.63482
0.67079
0.7211
0.75675
0.75527
0.77675
0.82924
0.88662
0.85492
0.84438
0.92196
0.99015
0.92604
0.94282
0.98328
1.0352
1.0918
1.0794
1.0938
1.1145
1.091
1.0758
1.09
1.0918
1.1124
1.1446
1.1691
1.1025
1.1464
1.1209
1.1153
1.1203
1.0895
1.1255
1.0968
1.1257
1.0886
1.0745
1.0605
0.99451
1.0348
0.93204
0.94793
0.89506
0.92158
0.83962
0.83006
0.84026
0.85993
0.73941
0.72932
0.69221
0.74771
0.72957
0.6947
0.62024
0.66064
0.63613
0.59975
0.57698
0.56619
0.49004
0.53478
0.48732
0.45107
0.45977
0.45834
0.44883
0.38765
0.35132
0.31443
0.30354
0.30213
0.33938
0.2716
0.28614
0.2556
0.247
0.23441
0.253
0.23832
0.28008
0.28241
0.25507
0.25918
0.25147
0.21991
0.26069
0.24836
0.20965
0.19802
0.2379
0.15063
0.15167
0.17741
0.21752
0.22933
0.19414
0.1361
0.19689
0.14762
0.15928
0.1274
0.1684
0.19846
0.14744
0.2147
0.182
0.12452
0.18994
0.17167
0.15169
0.1806
0.16789
0.16768
0.17054
0.16446
0.21291
0.18425
0.11928
0.16677
0.14233
0.13522
0.18396
0.11866
0.1483
0.12928
0.10864
0.20026
0.15732
0.17091
0.18186
0.12137
0.13386
0.1573
0.12526
0.18185
0.12169
0.19547
0.19308
0.20405
0.14383
0.13737
0.11377
0.11242
0.13366
0.18409
0.18614
0.13867
0.19814
0.19847
0.14947
0.11222
0.147
0.12416
0.10692
0.19654
0.12112
0.12341
0.19131
0.12233
0.16324
0.17807
0.11883
0.11775
0.12537
0.12884
0.2015
0.12337
0.16535
0.18079
0.16926
0.13565
0.16883
0.14973
0.18535
0.13068
0.13933
0.17878
0.13081
0.19932
0.19845
0.19692
0.17106
0.19183
0.18699
0.17473
0.20688
0.16863
0.20363
0.12595
0.16431
0.14988
0.19639
0.20565
0.17331
0.18273
0.22612
0.20582
0.13714
0.17082
0.13923
0.14558
0.17485
0.14395
0.22127
0.19042
0.19203
0.22744
0.21307
0.23425
0.16995
0.17513
0.18717
0.23046
0.19424
0.24929
0.22542
0.167
0.19995
0.21671
0.19579
0.19987
0.19701
0.1677
0.19571
0.22945
0.21504
0.26511
0.21467
0.25037
0.20888
0.18298
0.20694
0.22657
0.1854
0.21357
0.23944
0.19909
0.22253
0.23929
0.18485
0.25862
0.18853
0.20764
0.20826
0.24401
0.1973
0.2452
0.2131
0.26624
0.21091
0.24885
0.23458
0.27556
0.28162
0.28865
0.22929
0.2651
0.21997
0.24278
0.22346
0.23576
0.2134
0.28296
0.20898
0.29321
0.26265
0.2289
0.21241
0.27997
0.22862
0.26432
0.25098
0.24604
0.27136
0.23461
0.23095
0.30779
0.262
0.23814
0.30685
0.28172
0.22777
0.23191
0.29163
0.28704
0.29703
0.25287
0.28788
0.28318
0.2791
0.23721
0.22611
0.25875
0.2779
0.28039
0.298
0.31252
0.27947
0.25193
0.27958
0.2326
0.24379
0.22898
0.29376
0.2285
0.23195
0.27967
0.25006
0.25333
0.30252
0.27357
0.30511
0.28685
0.26569
0.27801
0.27489
0.26817
0.29746
0.26291
0.28627
0.23459
0.26464
0.24328
0.23041
0.31507
0.31509
0.2824
0.25098
0.24284
0.26873
0.29502
0.24211
0.25006
0.30942
0.30296
0.2821
0.23395
0.29405
0.23153
0.25346
0.29453
0.22103
0.27903
0.24366
0.21309
0.28498
0.25606
0.24262
0.20852
0.26957
0.23839
0.23942
0.26231
0.28849
0.23002
0.25235
0.20249
0.18674
0.24946
0.22389
0.26937
0.1881
0.25976
0.19559
0.20956
0.17666
0.22106
0.2566
0.18962
0.18334
0.18231
0.213
0.16197
0.23312
0.22917
0.19308
0.22991
0.23471
0.2105
0.24247
0.24256
0.19087
0.21433
0.20984
0.17183
0.20325
0.17856
0.14227
0.16621
0.16608
0.17992
0.18492
0.21611
0.16929
0.20488
0.18375
0.21637
0.21474
0.12001
0.14709
0.17179
0.1898
0.12175
0.13549
0.12734
0.19703
0.18576
0.1217
0.11374
0.12677
0.098147
0.15369
0.17875
0.17256
0.16222
0.085277
0.13224
0.17246
0.099639
0.14436
0.1302
0.15845
0.074613
0.10044
0.14645
0.11714
0.086371
0.14682
0.097152
0.12384
0.058101
0.14712
0.1387
0.099852
0.085461
0.08597
0.10278
0.096531
0.096266
0.11227
0.089217
0.12128
0.087874
0.12143
0.06492
0.057146
0.08662
0.056302
0.10893
0.06335
0.046003
0.03838
0.039956
0.06325
0.014374
0.077006
0.093611
0.083094
0.031921
0.0058304
0.016757
0.0044198
0.020528
0.011082
-0.0079036
0.0095657
0.059717
0.059192
0.0063989
0.0067811
0.034769
0.064158
0.023019
0.055773
0.0099813
0.0232
0.026193
-0.011964
0.037766
0.057502
-0.028385
-0.0089031
0.001093
0.025493
-0.027084
-0.014691
-0.0085022
0.017518
-0.016185
0.011474
0.010133
0.016796
-0.020016
-0.050257
0.028058
-0.014868
-0.031544
-0.014387
0.036157
-0.020431
0.0019494
-0.052693
-0.049762
-0.060699
0.025654
-0.035795
-0.0069106
-0.0025158
0.0020422
-0.033311
-0.053686
0.001049
0.0040547
0.0076204
-0.00023264
0.020749
-0.019425
-0.016218
-0.054233
0.0047341
-0.029415
-0.063452
-0.0082635
-0.063978
-0.032756
-0.074211
-0.039508
-0.0032159
-0.051879
-0.086487
-0.015319
-0.046867
0.0022734
-0.073193
-0.018166
-0.015851
-0.053635
-0.0022781
-0.046409
-0.04594
-0.036793
-0.063811
-0.011437
-0.023085
-0.083173
0.0055023
-0.028489
0.0075438
-0.082608
-0.051071
-0.078709
-0.081655
-0.058306
-0.034531
0.0038219
0.0023099
-0.041476
-0.0056388
-0.018353
-0.064022
0.0034999
-0.073726
-0.0063829
-0.0036404
-0.084991
-0.04449
-0.084672
-0.078684
-0.070523
-0.084604
-0.06518
-0.073357
-0.012504
-0.047071
-0.015344
-0.012973
-0.012122
-0.046137
-0.073399
-0.063273
0.0072333
-0.037986
0.010689
-0.079062
0.0060058
-0.080797
-0.047638
-0.020788
-0.016668
0.014497
-0.029555
0.0083102
-0.068479
-0.060875
-0.048494
-0.0055063
-0.051451
-0.049827
-0.05224
-0.05096
-0.013097
-0.0011146
-0.049149
-0.041106
-0.072634
-0.079244
-0.06168
-0.019028
0.0087313
-0.028774
0.017497
-0.006229
-0.052353
-0.034136
0.012204
0.0097523
-0.02783
-0.070062
9.6813e-05
-0.071336
-0.033175
-0.026464
-0.031986
0.013205
0.022939
0.020769
-0.0014096
-5.7046e-05
-0.055167
-0.0044425
-0.045415
0.016747
0.016864
-0.064935
0.016853
-0.045288
-0.048636
-0.057265
-0.064273
-0.034145
-0.056162
-0.027236
0.020509
0.0010895
0.024528
-0.070363
-0.0069176
-0.014239
0.0054344
-0.060081
-0.016165
-0.012744
-0.046708
-0.039148
-0.070745
-0.022278
-0.067741
-0.0047568
0.016117
-0.035352
0.02242
-0.031185
-0.044012
-0.013862
-0.015048
-0.024291
-0.051211
-0.021626
-0.059839
-0.0081514
-0.068852
-0.057925
-0.064043
0.0070476
0.015826
-0.065257
-0.057529
-0.064919
-0.026553
-0.023644
0.018695
-0.039573
0.0075369
0.026653
0.0046274
0.0065902
-0.040945
-0.045048
-0.033397
-0.065354
-0.029235
-0.063377
0.022512
0.015278
-0.041834
-0.020777
-0.0026452
-0.032422
-0.011878
-0.016057
-0.01784
-0.034852
0.004774
-0.061879
0.033454
-0.057813
0.010872
-0.042703
0.032317
-0.0013655
-0.062232
-0.017254
-0.0083014
-0.0016339
-0.024707
0.022717
0.005106
0.01332
0.027393
0.028647
0.014524
-0.032428
-0.013523
0.017652
-0.02244
-0.020696
-0.058899
0.037245
-0.020745
0.034306
0.00065101
-0.0058042
-0.052893
-0.035797
-0.029812
0.0069535
0.037776
-0.027907
-0.039229
-0.028969
0.033178
-0.030353
0.019254
0.0031016
-0.023255
-0.039785
-0.037169
0.030811
-0.027561
-0.0003154
0.019247
0.0099978
-0.0064238
0.0055039
0.011985
-0.021328
0.04799
0.012546
-0.03095
0.048224
-0.0047954
0.0087233
0.044745
-0.0072551
0.016491
-0.011898
0.002714
0.030603
0.024089
-0.032247
0.046437
0.058249
-0.027363
0.06468
0.0020619
0.050184
0.01257
0.048089
0.025954
0.056301
0.058632
0.017254
0.0043727
0.014267
0.048716
0.0040154
0.034925
0.079341
0.005494
0.057
0.080022
0.061566
-0.0028786
0.071494
0.00049542
0.061396
0.0039319
0.023327
0.030295
0.087878
0.097922
0.053153
0.052058
0.019735
0.088456
0.1051
0.056706
0.082725
0.088164
0.065847
0.083599
0.06547
0.034013
0.11607
0.078391
0.12178
0.12479
0.065469
0.13413
0.08848
0.039626
0.049813
0.1102
0.14056
0.064715
0.11203
0.060396
0.10476
0.13203
0.14308
0.057352
0.12437
0.082942
0.12888
0.14413
0.090725
0.12682
0.14468
0.1506
0.10104
0.13633
0.12222
0.069915
0.079502
0.068129
0.07668
0.13827
0.13817
0.08459
0.14967
0.13288
0.083206
0.1426
0.095594
0.1402
0.14853
0.098701
0.12999
0.11726
0.055562
0.054117
0.13659
0.085753
0.063092
0.097791
0.092012
0.11948
0.12758
0.10804
0.060817
0.097479
0.0489
0.10977
0.065973
0.10823
0.041053
0.074269
0.086602
0.067955
0.078697
0.036648
0.076924
0.052807
0.035085
0.047522
0.11551
0.086036
0.065392
0.092469
0.063347
0.0141
0.10248
0.047188
0.084647
0.089364
0.0043869
0.097171
0.0958
0.090566
0.096026
0.047995
0.076989
0.0095219
0.045695
0.07515
-0.0045339
0.036347
0.069408
0.081702
0.036531
0.0011565
0.083756
-0.0077209
-0.0084441
0.039961
0.047727
-0.0065978
0.077499
0.013221
0.006851
0.0267
0.051034
0.012968
0.03347
0.066338
0.045749
0.047982
-0.005657
0.013684
0.073735
-0.0067839
0.069905
0.037686
0.070259
0.056275
0.043002
-0.0019528
0.037508
0.041116
-0.022512
0.050205
0.015977
0.049375
0.002126
0.028201
0.014051
0.053479
0.031208
0.070828
0.07626
0.062173
0.070944
-0.0031265
0.015844
0.042925
0.075467
0.046936
0.067829
0.077831
0.077688
-0.020944
0.047344
-0.012933
0.053015
0.023752
0.025226
-0.0056421
-0.025858
0.034725
0.024763
0.067104
0.028397
0.029667
-0.0030401
-0.0061068
0.028837
0.044547
0.064782
0.077058
0.043491
0.032577
0.029657
0.07449
0.10129
0.099219
0.07386
0.11878
0.071425
0.10114
0.12686
0.15606
0.16382
0.18613
0.19816
0.2081
0.18669
0.2408
0.25914
0.24993
0.28063
0.25355
0.3094
0.26547
0.37273
0.38002
0.33111
0.43544
0.39895
0.46712
0.43307
0.53029
0.54998
0.49765
0.60262
0.55331
0.62738
0.68645
0.70522
0.71838
0.71763
0.80567
0.76253
0.85277
0.80225
0.89394
0.93268
0.88339
0.9614
0.98356
0.957
0.978
1.0519
1.0954
1.1196
1.0799
1.0757
1.1463
1.0945
1.1676
1.1877
1.1517
1.1346
1.1952
1.1328
1.2233
1.2089
1.1291
1.1781
1.1561
1.1347
1.168
1.1297
1.1177
1.1175
1.0993
1.1003
1.0846
0.9986
0.97895
0.95403
0.97263
0.9321
0.88576
0.93545
0.89918
0.90025
0.86606
0.76618
0.78941
0.79971
0.77899
0.70081
0.73085
0.67398
0.64043
0.64068
0.58955
0.53434
0.5717
0.49231
0.47986
0.48032
0.50094
0.47186
0.47091
0.47937
0.46181
0.4466
0.37408
0.34656
0.33589
0.3247
0.34636
0.38178
0.31903
0.30954
0.29855
0.30104
0.26989
0.29776
0.27262
0.29976
0.27854
0.26665
0.26515
0.2704
0.28409
0.28579
0.29015
0.28598
0.26721
0.21749
0.24612
0.23008
0.23034
0.21582
0.21781
0.2053
0.22401
0.27731
0.19885
0.23776
0.2302
0.23929
0.25218
0.18371
0.22102
0.27773
0.25873
0.19789
0.19946
0.26394
0.1843
0.21041
0.22675
0.24071
0.2688
0.23449
0.24143
0.26641
0.20238
0.19509
0.18611
0.2518
0.26835
0.21187
0.22001
0.22929
0.22423
0.24862
0.19255
0.17175
0.23508
0.25717
0.20469
0.26194
0.20602
0.2634
0.17526
0.20984
0.21187
0.22109
0.256
0.18277
0.16633
0.19734
0.25063
0.22266
0.17966
0.20133
0.20237
0.20048
0.16594
0.19647
0.17631
0.16799
0.20072
0.23432
0.19556
0.23097
0.23992
0.24837
0.26383
0.24194
0.22428
0.23112
0.20961
0.2114
0.23871
0.25194
0.22381
0.2138
0.27014
0.22103
0.25781
0.17593
0.24698
0.26164
0.23213
0.24455
0.19539
0.21329
0.22044
0.19149
0.19665
0.22589
0.25487
0.20708
0.20765
0.27736
0.24424
0.21016
0.21971
0.28342
0.28175
0.2109
0.21458
0.21203
0.24266
0.27927
0.21232
0.25471
0.25449
0.23653
0.29936
0.28473
0.24409
0.29298
0.22575
0.20933
0.22529
0.23754
0.2274
0.28627
0.28167
0.24162
0.29906
0.28492
0.30569
0.28445
0.26757
0.31036
0.28944
0.31464
0.28693
0.24344
0.23245
0.25572
0.27299
0.25132
0.32517
0.30262
0.32499
0.30878
0.26016
0.24723
0.31655
0.25431
0.33854
0.30854
0.30562
0.29118
0.29056
0.30688
0.3509
0.26334
0.35321
0.29957
0.30947
0.33361
0.30374
0.33883
0.35925
0.30708
0.296
0.31297
0.28952
0.28451
0.30941
0.2921
0.31367
0.31951
0.35847
0.28138
0.36005
0.28215
0.3493
0.28861
0.36966
0.28632
0.34053
0.35733
0.3133
0.34049
0.36697
0.33827
0.36728
0.31801
0.33415
0.35597
0.32215
0.33613
0.37122
0.3163
0.31867
0.31449
0.36556
0.31657
0.37683
0.34735
0.33886
0.34968
0.34211
0.33371
0.36133
0.36615
0.30269
0.354
0.29298
0.28518
0.34395
0.31295
0.33195
0.37245
0.36292
0.34287
0.30999
0.30699
0.30713
0.32805
0.3242
0.31769
0.37544
0.34809
0.33651
0.27897
0.37377
0.28102
0.30584
0.3579
0.30661
0.33796
0.37169
0.30371
0.2769
0.33068
0.28668
0.29731
0.3333
0.31519
0.2764
0.29529
0.35206
0.33127
0.29551
0.307
0.32497
0.2652
0.28059
0.29506
0.26125
0.32761
0.30761
0.31279
0.32409
0.34756
0.32882
0.31589
0.34568
0.26916
0.28629
0.3177
0.26423
0.31698
0.31289
0.293
0.28203
0.23553
0.24754
0.27801
0.29344
0.32546
0.30263
0.24831
0.29218
0.3058
0.2959
0.3162
0.2227
0.27212
0.23904
0.26518
0.27439
0.24135
0.29497
0.20874
0.29781
0.24565
0.24212
0.28622
0.28786
0.25996
0.22658
0.2624
0.23853
0.27725
0.19803
0.18575
0.18301
0.23513
0.24282
0.21658
0.18104
0.17335
0.22557
0.25063
0.23372
0.18682
0.22791
0.19613
0.24194
0.22512
0.20289
0.23502
0.17028
0.19326
0.22341
0.16212
0.21015
0.23735
0.13962
0.20889
0.20017
0.16204
0.22605
0.22481
0.2156
0.19259
0.20886
0.14106
0.13783
0.15846
0.16757
0.17731
0.11649
0.17932
0.15453
0.10736
0.14352
0.13181
0.1257
0.1908
0.094361
0.13175
0.16389
0.14117
0.10654
0.086659
0.090862
0.10045
0.11327
0.11223
0.13451
0.13319
0.15862
0.1454
0.13076
0.087364
0.10672
0.09598
0.13841
0.075695
0.099418
0.098421
0.095321
0.14027
0.089094
0.14557
0.14248
0.1043
0.096526
0.11696
0.042663
0.13166
0.0758
0.093122
0.039399
0.063856
0.11045
0.12016
0.10089
0.04607
0.088016
0.10496
0.10046
0.12037
0.077517
0.080142
0.030385
0.035815
0.08647
0.0849
0.093104
0.08135
0.085046
0.054739
0.0095406
0.099794
0.007811
0.005241
0.0089763
0.022763
0.02548
0.078701
0.085493
0.080375
0.073774
0.044406
0.065467
0.012623
0.029679
-0.0070096
0.024652
-0.0038293
-0.0073825
-0.008632
0.044575
0.017301
0.067077
0.080797
-0.0023946
-0.01128
0.068518
0.078638
0.041387
-0.014413
-0.0039464
0.051881
0.011834
0.029851
-0.023886
0.073403
0.07205
0.068228
0.026562
-0.016638
-0.027075
0.037794
0.0013113
0.029308
0.05967
0.039822
0.050411
0.050445
0.027569
0.025382
0.015502
0.0049763
-0.0019159
0.027701
-0.0013407
0.013294
0.049629
-0.031048
0.057424
-0.025305
-0.013785
0.065508
-0.0036547
-0.00034377
0.021769
-0.018919
-0.00052756
0.037451
-0.019695
0.0014757
-0.0037395
0.046992
-0.0072189
0.041346
-0.021793
-0.024159
0.029686
0.018837
5.9009e-05
0.010332
0.024298
0.022192
0.0095088
0.0061815
-0.023379
0.024529
0.027194
0.071804
0.057517
0.01897
0.0097003
0.028604
0.043548
0.040495
-0.012837
0.0043945
-0.00079145
-0.011588
0.029262
-0.0014866
0.0050931
-0.020884
0.022071
0.04319
0.068266
0.012953
-0.022158
0.035248
0.04851
0.064349
0.061066
0.050494
-0.019725
0.025527
0.026889
0.06615
0.043678
0.068105
0.062439
-0.015885
0.045481
-0.011719
0.061052
0.01338
0.026052
-0.014684
0.0033756
0.042281
0.055752
0.042774
0.060163
0.010329
0.053317
0.021605
0.060922
0.01865
0.063669
-0.015542
0.0056054
0.06039
0.021992
0.023009
-0.0038018
0.048094
-0.002004
0.066132
0.0019788
0.00049877
0.042461
0.0053674
0.027588
0.067616
0.083831
0.015344
0.080589
0.0082675
-0.0065458
0.055118
0.07571
0.018533
0.061346
0.039083
0.044832
0.02147
0.02341
0.00062544
0.041987
0.020401
0.073514
-0.0036631
0.034234
0.025642
0.033252
0.014891
-0.003386
0.047708
0.048949
0.020483
0.054896
0.072446
0.060586
0.034134
0.069044
0.073206
0.036282
-0.0029096
0.072024
-0.0073322
0.021413
-0.01024
0.04421
0.062175
0.040186
0.085492
0.00081989
-0.006719
0.048536
0.031062
0.053013
0.028432
0.057072
0.012568
0.038181
0.021266
-0.0059037
0.029144
0.03058
0.086062
0.059706
0.01226
0.081334
0.088795
2.4771e-05
0.047354
0.017289
0.040262
0.065434
0.052252
0.065854
0.067484
0.041666
0.081313
0.0482
0.063529
0.029843
0.011719
0.022004
0.050004
0.038974
0.033058
-0.0020197
0.082807
0.067059
0.013791
0.066079
0.066159
0.011686
0.041942
0.0034656
0.089844
0.070489
0.014743
0.074463
0.048139
0.090132
0.041342
0.085672
0.015943
0.008043
0.019373
0.085483
0.030437
0.094206
0.05632
0.062656
0.095261
0.020535
0.043972
0.10539
0.067327
0.043616
0.077335
0.097703
0.07403
0.085358
0.04951
0.035582
0.093856
0.023181
0.091533
0.077726
0.06138
0.036747
0.11235
0.097999
0.10574
0.11527
0.1059
0.041988
0.072661
0.13069
0.053093
0.054311
0.044658
0.051933
0.13448
0.10336
0.13539
0.13311
0.066247
0.14559
0.096336
0.061378
0.14234
0.062737
0.13032
0.05945
0.09703
0.14399
0.10068
0.15632
0.092586
0.15593
0.10609
0.12781
0.14204
0.12256
0.16778
0.10238
0.16828
0.15159
0.10545
0.16741
0.13442
0.16699
0.17568
0.12697
0.12059
0.12758
0.16173
0.12495
0.11144
0.17876
0.12261
0.16059
0.15043
0.19716
0.14139
0.17757
0.1582
0.19531
0.16943
0.11133
0.11974
0.14497
0.1783
0.17145
0.16806
0.18838
0.19218
0.18915
0.16038
0.18628
0.21047
0.17092
0.18626
0.16632
0.14064
0.14882
0.17915
0.14568
0.15422
0.15226
0.17819
0.18812
0.14705
0.16259
0.16289
0.17238
0.12487
0.15325
0.16964
0.17965
0.10741
0.19805
0.16741
0.1726
0.13043
0.11226
0.096321
0.18169
0.10405
0.16762
0.14107
0.18203
0.12598
0.16136
0.10837
0.13034
0.1408
0.11674
0.10759
0.16927
0.14601
0.1598
0.072734
0.10862
0.10715
0.13325
0.12607
0.14021
0.077896
0.097224
0.15921
0.12812
0.15651
0.10401
0.072484
0.14465
0.10543
0.084313
0.10633
0.055719
0.12264
0.098164
0.10686
0.049875
0.081549
0.046802
0.11937
0.10395
0.047421
0.1232
0.12378
0.088944
0.056577
0.095009
0.10183
0.045495
0.069602
0.040362
0.039086
0.099065
0.10468
0.13234
0.046992
0.12924
0.061469
0.074593
0.083709
0.055883
0.055869
0.066449
0.12153
0.068422
0.085701
0.086259
0.065991
0.083352
0.034948
0.10221
0.048163
0.063129
0.093719
0.052915
0.13548
0.041556
0.069747
0.087103
0.11481
0.077173
0.08614
0.054616
0.097734
0.10757
0.06766
0.047221
0.05463
0.053933
0.14088
0.12896
0.13102
0.11754
0.13919
0.098013
0.092543
0.14189
0.1285
0.086912
0.15414
0.13325
0.14555
0.15178
0.12547
0.12086
0.089341
0.12663
0.1122
0.15256
0.17657
0.14511
0.14737
0.14736
0.18235
0.11867
0.12563
0.20499
0.15959
0.13238
0.16863
0.1881
0.20821
0.17327
0.22112
0.23816
0.27367
0.29381
0.31666
0.29112
0.28514
0.35738
0.41152
0.36584
0.43761
0.4058
0.45259
0.52946
0.53178
0.59522
0.59669
0.65431
0.61945
0.66547
0.69032
0.748
0.79853
0.7861
0.80988
0.85179
0.91296
0.8542
0.95661
0.9651
0.97294
0.95144
1.041
0.99912
1.078
1.0451
1.0861
1.1534
1.0816
1.1313
1.1624
1.1362
1.2016
1.1913
1.2292
1.163
1.2091
1.2094
1.1459
1.1647
1.1828
1.1575
1.1106
1.1653
1.1661
1.1061
1.112
1.0551
1.0494
1.0803
1.018
1.0565
0.96386
0.94014
0.90461
0.92061
0.94633
0.89092
0.89594
0.85749
0.81827
0.73213
0.77073
0.68209
0.68727
0.65429
0.6627
0.61375
0.63987
0.55494
0.5498
0.59996
0.55927
0.48102
0.54017
0.45148
0.44354
0.48952
0.4628
0.47119
0.44993
0.4143
0.41239
0.36388
0.32865
0.32851
0.37876
0.36117
0.30297
0.33924
0.31892
0.2922
0.26992
0.33658
0.26502
0.32681
0.28251
0.29613
0.26235
0.3047
0.26727
0.26799
0.2161
0.2568
0.29436
0.28129
0.2964
0.29298
0.25968
0.25145
0.29247
0.2576
0.24839
0.26645
0.22354
0.2276
0.23098
0.19367
0.26675
0.23703
0.26798
0.25775
0.2306
0.20592
0.20465
0.1894
0.26943
0.23536
0.28409
0.23076
0.28301
0.27742
0.25336
0.23551
0.2239
0.26352
0.2484
0.24965
0.19011
0.23351
0.19192
0.25587
0.26421
0.24449
0.27266
0.26894
0.2443
0.24785
0.25471
0.22287
0.20743
0.22314
0.20501
0.21172
0.24773
0.20114
0.22604
0.25125
0.2213
0.18882
0.20774
0.22047
0.23885
0.19155
0.1937
0.2159
0.24421
0.21383
0.22391
0.23123
0.23994
0.27767
0.24363
0.20068
0.24687
0.24397
0.22706
0.25081
0.21349
0.27217
0.24478
0.2326
0.20359
0.27874
0.20908
0.2834
0.19197
0.20901
0.20504
0.2268
0.19483
0.19351
0.22404
0.28143
0.28726
0.21296
0.26985
0.29202
0.23103
0.2944
0.2443
0.22429
0.27278
0.2772
0.21011
0.27818
0.25965
0.29335
0.29738
0.23635
0.27271
0.25444
0.24802
0.29941
0.25939
0.29617
0.24503
0.26017
0.31261
0.24076
0.27636
0.30197
0.28296
0.24041
0.25127
0.29477
0.32955
0.27315
0.32371
0.23629
0.30453
0.30861
0.31756
0.28299
0.25881
0.29268
0.27536
0.26769
0.32785
0.28709
0.3168
0.26466
0.32365
0.29154
0.27896
0.30246
0.26322
0.30343
0.26213
0.30739
0.28639
0.3547
0.32323
0.26859
0.31752
0.34634
0.30284
0.30431
0.28947
0.31312
0.32607
0.35611
0.30818
0.28
0.28127
0.30057
0.30615
0.3691
0.34521
0.36099
0.30401
0.36168
0.35357
0.29173
0.32756
0.31257
0.29185
0.35711
0.3291
0.37222
0.3417
0.3553
0.35427
0.33606
0.31657
0.34113
0.38598
0.36643
0.31471
0.30336
0.34326
0.38749
0.35327
0.3028
0.38619
0.33103
0.36064
0.348
0.38437
0.30193
0.34898
0.38117
0.37001
0.33834
0.34932
0.31734
0.3367
0.35584
0.30881
0.33139
0.3594
0.3365
0.34978
0.31145
0.31493
0.37709
0.34859
0.3241
0.33683
0.34497
0.36645
0.30089
0.39324
0.33935
0.39214
0.38369
0.32011
0.32932
0.36908
0.383
0.38653
0.3038
0.33706
0.30991
0.33397
0.37032
0.31812
0.30488
0.30721
0.33547
0.29957
0.36037
0.33339
0.33181
0.32094
0.31964
0.28149
0.3337
0.34727
0.33921
0.28685
0.34965
0.3286
0.34709
0.36283
0.32129
0.34061
0.3425
0.28615
0.3544
0.2619
0.28979
0.26659
0.34249
0.31619
0.32911
0.27346
0.29188
0.31528
0.26837
0.33817
0.26824
0.3401
0.32246
0.32818
0.24232
0.26689
0.28995
0.31616
0.27732
0.28163
0.28788
0.31093
0.26098
0.22981
0.23568
0.28984
0.31034
0.24447
0.24876
0.30514
0.22011
0.25186
0.21754
0.22267
0.22636
0.21045
0.29657
0.28305
0.27206
0.23536
0.248
0.27747
0.223
0.24086
0.26622
0.21989
0.18123
0.1854
0.2362
0.26995
0.26748
0.20932
0.2355
0.18414
0.18782
0.24326
0.22896
0.20479
0.19965
0.19612
0.22845
0.21587
0.17957
0.21173
0.1766
0.16241
0.21836
0.19995
0.1695
0.16044
0.13971
0.14451
0.13049
0.1386
0.22246
0.16144
0.1621
0.19454
0.16899
0.14187
0.18111
0.12461
0.2081
0.13844
0.18158
0.15194
0.14636
0.13183
0.19152
0.17743
0.17248
0.098184
0.16097
0.11459
0.17559
0.14163
0.12841
0.1634
0.09912
0.12126
0.13088
0.12665
0.13291
0.093777
0.092591
0.15858
0.1471
0.14169
0.094304
0.10459
0.10899
0.088917
0.1264
0.093918
0.13634
0.15111
0.12414
0.11057
0.068756
0.047647
0.084017
0.052378
0.042728
0.099574
0.066916
0.048576
0.053168
0.12547
0.077541
0.097097
0.033733
0.09566
0.11274
0.048519
0.069137
0.03289
0.1116
0.11754
0.074609
0.10517
0.070848
0.10411
0.08529
0.031151
0.060856
0.020685
0.027327
0.056309
0.10232
0.087516
0.040335
0.024409
0.016855
0.049313
0.076151
0.030247
0.03239
0.0036768
0.050245
0.072819
0.071542
0.03111
0.0059605
0.0047173
0.089524
0.005821
0.040379
0.014273
0.00036522
0.016425
0.063009
0.046442
0.0031599
0.036337
0.010978
0.034607
0.043612
0.06157
0.032077
0.049443
0.080113
0.031085
0.0091786
0.040256
0.05656
0.068235
0.04001
0.025652
0.056577
0.034152
0.031813
0.020042
0.027907
0.011609
0.007293
-0.0065972
0.0022289
0.0031302
0.02825
0.065767
0.087078
0.069161
0.025729
0.076846
0.04623
0.037198
-0.0047713
0.0079455
0.086341
0.050766
0.087071
0.033033
0.063971
0.066388
0.075092
0.088419
0.00042834
0.057486
0.080086
0.050504
0.027488
0.0053353
0.08996
0.05377
0.019506
0.011086
0.0831
0.095161
0.010659
0.066046
0.093351
0.07268
0.01886
0.047352
0.08233
0.096057
0.012387
0.030819
0.082551
0.042836
0.0147
0.019678
0.066851
0.01572
0.028564
0.012986
0.04913
-2.752e-05
0.048529
0.057304
0.096058
0.019933
0.089077
0.062328
0.079538
0.0049597
0.041264
0.051873
0.01128
0.03531
0.04631
0.087227
0.0058067
0.094008
0.085802
0.028697
0.0097668
0.039531
0.047887
0.09459
0.055979
0.020381
0.09176
0.0575
0.062567
0.1005
0.017106
0.061085
0.02979
0.080824
0.044864
0.071457
0.010397
0.087801
0.064351
0.087205
0.037357
0.090522
0.083326
0.0069762
0.036379
0.085362
0.043302
0.081635
0.045811
0.012575
0.02658
0.063369
0.059473
0.041212
0.024159
0.063997
0.057255
0.0064736
0.058163
0.047803
0.069337
0.015426
0.060472
0.026972
0.062051
0.090971
0.010563
0.052159
0.10419
0.056595
0.030188
0.019747
0.031709
0.085954
0.035211
0.10417
0.018014
0.072806
0.043181
0.080134
0.098239
0.024056
0.01561
0.034936
0.02259
0.087298
0.034682
0.096384
0.021833
0.075891
0.071983
0.055311
0.099499
0.046176
0.10182
0.083938
0.066598
0.082394
0.050275
0.10688
0.040731
0.073673
0.033619
0.024359
0.063576
0.1093
0.028508
0.076444
0.065925
0.066266
0.074473
0.089379
0.036751
0.018903
0.02728
0.039232
0.079359
0.061234
0.035897
0.051523
0.085834
0.065558
0.098667
0.037705
0.059892
0.03173
0.054322
0.047951
0.09655
0.068518
0.060206
0.062871
0.019692
0.08797
0.045672
0.030388
0.0577
0.07877
0.031275
0.069856
0.040068
0.051384
0.10652
0.085948
0.10114
0.10255
0.069925
0.043901
0.035381
0.10172
0.11889
0.12615
0.044431
0.031962
0.042569
0.11734
0.06715
0.1181
0.089636
0.045856
0.13289
0.083857
0.050248
0.073914
0.097101
0.066369
0.072161
0.11732
0.063807
0.11942
0.13918
0.13651
0.071528
0.088895
0.13677
0.080309
0.092495
0.12473
0.11787
0.14267
0.099591
0.09965
0.13432
0.15755
0.1324
0.11524
0.080253
0.087048
0.10508
0.086379
0.12582
0.095999
0.13687
0.12831
0.15589
0.12414
0.17716
0.18036
0.13853
0.1293
0.099901
0.10578
0.10783
0.12776
0.15501
0.10816
0.16588
0.15457
0.16479
0.13471
0.20911
0.14021
0.15208
0.16191
0.1668
0.12744
0.20193
0.16308
0.1867
0.21077
0.19687
0.12428
0.1964
0.2018
0.14792
0.21996
0.16223
0.19682
0.16618
0.13833
0.18393
0.16706
0.21291
0.14656
0.20202
0.18761
0.19784
0.17256
0.13643
0.18738
0.12414
0.18309
0.13108
0.14147
0.21958
0.13555
0.15079
0.19182
0.20626
0.17534
0.15841
0.14341
0.19229
0.11762
0.1985
0.17571
0.15931
0.15295
0.19076
0.11288
0.15494
0.12958
0.14441
0.17415
0.13674
0.12769
0.14808
0.17922
0.15704
0.12904
0.1027
0.18223
0.10611
0.10575
0.14138
0.12605
0.15742
0.17422
0.15258
0.1403
0.094623
0.147
0.16016
0.067703
0.15752
0.14784
0.14933
0.09346
0.075379
0.084231
0.14737
0.12349
0.13319
0.1505
0.1147
0.13291
0.1305
0.12401
0.14263
0.11058
0.083959
0.088732
0.1263
0.096542
0.11621
0.1153
0.10992
0.13785
0.13442
0.12089
0.12335
0.06149
0.11392
0.10421
0.087624
0.10039
0.10092
0.07943
0.087407
0.048677
0.049503
0.084937
0.1094
0.13215
0.061904
0.067022
0.11085
0.079177
0.11765
0.06546
0.096818
0.12328
0.086094
0.12111
0.090991
0.097577
0.1294
0.05959
0.068937
0.050821
0.14277
0.069859
0.11139
0.094011
0.15018
0.057904
0.11521
0.069039
0.13794
0.063388
0.1451
0.08932
0.09992
0.10386
0.078133
0.088281
0.06609
0.076657
0.096917
0.16365
0.14554
0.14585
0.14252
0.14222
0.10479
0.097137
0.1481
0.1209
0.17209
0.15959
0.18732
0.18604
0.168
0.2192
0.16121
0.20436
0.22742
0.21463
0.22258
0.20172
0.25827
0.25664
0.31757
0.28796
0.35919
0.35036
0.38422
0.37072
0.38211
0.4674
0.46477
0.46715
0.47017
0.52536
0.58398
0.57228
0.63685
0.58108
0.66456
0.68467
0.73749
0.79655
0.82072
0.81954
0.83309
0.87296
0.92356
0.95874
0.96666
0.98336
0.97445
1.0576
1.0026
1.0168
1.1085
1.0869
1.0894
1.0825
1.1393
1.1868
1.1759
1.2028
1.1503
1.2269
1.1577
1.164
1.1584
1.2247
1.1518
1.1528
1.1616
1.1594
1.173
1.1652
1.1197
1.1117
1.0948
1.1138
1.0337
1.0563
1.0039
1.0276
0.93758
0.96008
0.87616
0.88607
0.86135
0.89491
0.83468
0.79386
0.81229
0.75069
0.75064
0.70301
0.65826
0.65645
0.66744
0.59983
0.6292
0.59121
0.5052
0.54964
0.53553
0.5157
0.51388
0.47802
0.48353
0.41986
0.44955
0.38582
0.41592
0.39181
0.38643
0.34904
0.33038
0.37073
0.2975
0.3314
0.33556
0.27132
0.33623
0.33079
0.31368
0.31268
0.27505
0.27566
0.27401
0.25259
0.25358
0.26178
0.24695
0.30511
0.22429
0.2132
0.22402
0.20785
0.28049
0.21904
0.24519
0.24589
0.27104
0.27632
0.27838
0.26961
0.2046
0.20694
0.1884
0.28015
0.28268
0.19828
0.20288
0.25073
0.24541
0.19374
0.24457
0.26192
0.27402
0.2442
0.25829
0.25873
0.1988
0.23411
0.18844
0.21524
0.25155
0.18991
0.26876
0.25941
0.19748
0.25663
0.23728
0.23208
0.17156
0.18938
0.26084
0.21961
0.23168
0.21912
0.25708
0.19663
0.25568
0.24038
0.26237
0.21627
0.25071
0.2409
0.23728
0.25233
0.17768
0.16879
0.2181
0.2559
0.24123
0.21609
0.26457
0.23827
0.23476
0.18396
0.24714
0.23401
0.23516
0.20736
0.1728
0.26041
0.22078
0.17665
0.17478
0.19878
0.17266
0.24993
0.18595
0.24206
0.2242
0.19311
0.21864
0.27242
0.21631
0.19196
0.2052
0.24323
0.18668
0.27145
0.24724
0.26689
0.21759
0.26382
0.18875
0.23735
0.19128
0.24584
0.28021
0.2547
0.23068
0.25109
0.26623
0.19722
0.27503
0.23347
0.27458
0.20322
0.20589
0.28536
0.27423
0.23905
0.21251
0.24013
0.30641
0.23889
0.2199
0.2325
0.22256
0.27954
0.22107
0.25107
0.30252
0.30522
0.25832
0.29683
0.27372
0.26694
0.27792
0.3098
0.24035
0.26021
0.29745
0.31286
0.31167
0.28979
0.32821
0.31699
0.29688
0.31301
0.28268
0.28883
0.27188
0.3429
0.33156
0.29494
0.29685
0.31359
0.29764
0.3012
0.34084
0.27775
0.26193
0.34018
0.30397
0.27521
0.30936
0.26539
0.30071
0.31481
0.28142
0.28298
0.33463
0.31643
0.34674
0.36019
0.33442
0.3234
0.31918
0.29246
0.35996
0.27905
0.34037
0.35331
0.35997
0.29428
0.34087
0.34742
0.29297
0.32746
0.33561
0.32237
0.37059
0.33482
0.33713
0.36723
0.32559
0.37076
0.31582
0.28331
0.29926
0.3374
0.35904
0.29514
0.28968
0.38216
0.34731
0.29078
0.29993
0.32363
0.35721
0.37168
0.32684
0.37924
0.35768
0.32628
0.35423
0.34315
0.35097
0.34316
0.32639
0.34887
0.31205
0.35565
0.36535
0.30971
0.34724
0.36422
0.32147
0.3728
0.32746
0.36633
0.33456
0.31705
0.30439
0.37355
0.32123
0.2818
0.36347
0.35438
0.35958
0.36929
0.33113
0.36342
0.35506
0.28424
0.35503
0.29239
0.35935
0.35795
0.29837
0.28001
0.29697
0.26991
0.27205
0.33952
0.2859
0.33334
0.30284
0.34249
0.28417
0.33119
0.33303
0.26903
0.30713
0.31571
0.31542
0.2526
0.33864
0.33913
0.31493
0.29509
0.24712
0.25554
0.2679
0.23267
0.27143
0.31004
0.31572
0.31523
0.28984
0.24771
0.29611
0.311
0.24725
0.27616
0.22522
0.25824
0.29568
0.21163
0.22161
0.23545
0.2481
0.27882
0.25025
0.2521
0.23179
0.28769
0.28658
0.2078
0.26908
0.21743
0.20557
0.21503
0.19153
0.22243
0.1807
0.19889
0.18551
0.19075
0.1827
0.25184
0.17862
0.25755
0.18454
0.24158
0.20829
0.23765
0.17588
0.16441
0.24242
0.23839
0.23911
0.19842
0.17104
0.1983
0.2185
0.22656
0.18296
0.14595
0.13565
0.18397
0.21064
0.21183
0.13476
0.14282
0.17031
0.14432
0.17218
0.14328
0.20545
0.10769
0.18598
0.18775
0.17692
0.14554
0.1824
0.17327
0.09576
0.15215
0.094286
0.16142
0.13614
0.1823
0.086404
0.17734
0.10161
0.09207
0.094492
0.15038
0.16101
0.1314
0.15759
0.083841
0.15062
0.12334
0.071326
0.061929
0.11027
0.098745
0.096406
0.14742
0.075479
0.10687
0.094
0.089634
0.12807
0.045175
0.12788
0.073062
0.071601
0.072092
0.056091
0.099643
0.12689
0.12235
0.1227
0.038025
0.10948
0.08254
0.029692
0.090802
0.094037
0.079182
0.035997
0.097377
0.018654
0.080338
0.10632
0.014002
0.075781
0.03078
0.058769
0.0032965
0.027551
0.033422
0.03073
-0.0014668
0.075656
0.010254
0.014221
0.057699
0.056731
0.019536
0.009328
0.064061
0.00067997
0.072922
0.044782
-0.00577
0.018244
0.042855
0.065116
-0.0063638
0.022261
0.058982
0.034176
0.046609
0.021531
0.069271
-0.013544
0.042384
0.0013653
0.044994
-0.0037525
0.013256
-0.032633
0.045719
0.052496
0.010594
0.047178
-0.015251
0.051194
-0.023743
-0.011795
0.024667
-0.033398
-0.019488
0.019383
0.031828
0.036115
0.027613
0.027496
0.019039
0.017596
0.03037
0.037564
0.024433
-0.021809
0.016086
0.0037912
-0.030935
0.024404
0.021416
0.037574
0.028879
0.039781
-0.0085209
0.030236
0.0068933
0.030821
-0.021827
0.029627
0.049968
-0.017437
0.051414
0.045194
0.054266
0.0038624
-0.02846
0.046722
-0.017917
-0.028217
0.049252
-0.0010062
-0.019253
0.0071388
0.057601
0.019357
-0.031684
-0.0066232
0.0029393
-0.031691
-0.0096991
0.026361
0.00022273
-0.0051519
0.013676
0.023841
0.0025948
0.040402
0.018784
-0.0010151
-0.021563
-0.0010847
0.0074914
0.018549
-0.013177
-0.011191
0.063058
0.012518
0.034739
-0.01227
0.027453
0.013575
0.049953
0.02452
0.017561
0.049283
0.025728
0.045287
0.064298
0.0060775
-0.014213
0.048885
0.031992
0.057847
-0.012746
-0.031429
0.031121
0.028241
0.029594
0.023657
-0.017982
-0.026258
0.010574
-0.012497
-0.0055216
-0.0026923
0.010702
-0.01501
-0.031605
0.01953
-0.0095487
-0.011556
-0.0020533
0.02426
0.048525
0.064549
-0.010182
0.034182
0.0072125
0.062757
0.0014818
0.058929
-0.021092
0.028475
0.011422
0.051657
0.017632
0.034018
-0.02156
-0.0258
0.066243
0.025712
0.024651
0.043641
0.067693
0.021681
0.016855
-0.0073913
-0.0090855
0.040714
0.028231
0.021124
0.041829
-0.0084662
0.028035
0.0093799
0.012242
-0.014715
0.025064
0.026768
0.045339
0.011633
0.048935
-0.011391
0.060816
-0.029474
0.044239
0.010929
0.055497
0.013781
0.002896
0.025171
-0.008128
0.066961
-0.0033037
-0.021333
-0.019364
0.069942
0.038902
0.0068476
0.023995
0.011473
-0.0055148
0.051343
0.057407
0.03352
0.0073673
-0.011848
0.0054639
0.045928
0.032424
0.0067383
0.060111
0.032836
0.062292
0.060794
0.014678
0.065015
0.038112
0.055303
0.020924
0.067392
0.066748
0.059823
0.064397
0.031604
0.038471
0.046024
0.020094
0.061212
0.050766
0.030498
0.010828
0.069941
-0.019632
-0.0086406
-0.0078859
0.063537
0.03485
0.034721
0.046196
-0.0014444
0.034541
0.042606
0.014586
0.051139
-0.015302
0.019362
0.028505
-0.015354
0.037274
0.023787
0.041034
0.061464
0.082553
0.032978
0.024193
0.0092413
0.048007
0.015156
0.030002
0.086912
0.080235
0.021893
0.021376
0.068491
0.088541
0.030622
0.018395
0.0042518
0.046011
0.022517
0.056673
0.036028
0.011577
0.064978
0.096066
0.084901
0.084085
0.081376
0.072707
0.069986
0.089454
0.075736
0.033583
0.065435
0.09495
0.034395
0.093007
0.039911
0.049843
0.097798
0.095717
0.076796
0.072097
0.079245
0.05559
0.11232
0.11206
0.11367
0.059493
0.064661
0.079834
0.070902
0.13377
0.051093
0.13604
0.10268
0.1286
0.076123
0.11135
0.087877
0.1418
0.093293
0.082309
0.14751
0.15635
0.13958
0.079922
0.10842
0.093814
0.097178
0.15432
0.16162
0.16345
0.12272
0.17373
0.13289
0.079714
0.16661
0.12048
0.085312
0.13536
0.11858
0.14097
0.13878
0.098361
0.16053
0.1001
0.10664
0.18516
0.098094
0.15322
0.13811
0.1652
0.17384
0.13724
0.12952
0.17503
0.16362
0.18224
0.17933
0.096337
0.091877
0.11926
0.1037
0.094919
0.10841
0.13112
0.14021
0.13998
0.093624
0.13273
0.098797
0.15143
0.10346
0.072535
0.12953
0.12438
0.10945
0.097892
0.11985
0.14233
0.1539
0.078559
0.13706
0.15538
0.061437
0.053799
0.10457
0.07312
0.13794
0.14342
0.11076
0.10224
0.072172
0.091917
0.099381
0.092254
0.054765
0.06711
0.077804
0.11384
0.079559
0.074842
0.058115
0.091016
0.090354
0.057623
0.027214
0.092347
0.083139
0.076434
0.071334
0.073625
0.064758
0.047707
0.020522
0.029087
0.019909
0.055183
0.01349
0.0191
0.095837
0.073246
0.097866
0.033759
0.092784
0.066157
0.049943
0.060926
0.040593
0.091016
0.057041
0.02897
0.094678
0.097248
0.020777
0.024059
0.037629
0.048935
0.069763
0.075632
0.010481
0.070646
0.043631
0.041972
0.024063
0.071279
0.010819
0.078004
0.073
0.011498
0.064747
0.040798
0.015839
0.020273
0.10145
0.10361
0.071341
0.057569
0.039726
0.0084538
0.032251
0.050986
0.067
0.055035
0.058222
0.014307
0.062423
0.070515
0.021539
0.037571
0.11344
0.05589
0.049123
0.097212
0.11573
0.091887
0.087189
0.061538
0.12248
0.11218
0.049662
0.10022
0.073834
0.076407
0.044671
0.13561
0.054125
0.14263
0.04915
0.069036
0.077952
0.094248
0.13527
0.1519
0.091248
0.1037
0.12841
0.13887
0.20816
0.17364
0.18136
0.18512
0.21317
0.22231
0.26757
0.32011
0.32695
0.32191
0.37843
0.40309
0.38908
0.41611
0.43896
0.47154
0.52209
0.49367
0.52923
0.6232
0.61233
0.64618
0.71247
0.73072
0.73625
0.72847
0.74086
0.84327
0.81798
0.84641
0.848
0.92649
0.88933
0.97478
1.0007
1.0119
1.0471
0.99776
1.0682
1.0757
1.087
1.1462
1.083
1.1654
1.1665
1.1739
1.0991
1.1614
1.1031
1.1214
1.0941
1.1115
1.1362
1.0928
1.0875
1.1305
1.059
1.0517
1.0104
1.0353
1.0116
1.0091
0.97338
1.0087
0.95423
0.96273
0.84983
0.88837
0.82856
0.8281
0.75215
0.80615
0.76521
0.71287
0.6908
0.66304
0.63081
0.65576
0.60939
0.59226
0.61348
0.57443
0.53535
0.55185
0.4945
0.46035
0.4517
0.42914
0.39178
0.42873
0.3876
0.33096
0.38772
0.39261
0.29718
0.3191
0.34276
0.32726
0.32523
0.2419
0.24642
0.23151
0.22595
0.21362
0.21321
0.2472
0.27448
0.23013
0.27729
0.26246
0.24524
0.21968
0.21511
0.2434
0.2391
0.22617
0.2173
0.17173
0.24497
0.18668
0.246
0.22355
0.15726
0.2242
0.24398
0.24909
0.1544
0.20138
0.16355
0.20354
0.22108
0.2243
0.15662
0.14595
0.24126
0.1616
0.18332
0.18614
0.16029
0.18482
0.15924
0.14963
0.21739
0.19881
0.19727
0.19669
0.18933
0.17171
0.19077
0.20122
0.1471
0.17885
0.23142
0.19502
0.21391
0.21097
0.14548
0.18012
0.17426
0.15565
0.18439
0.2232
0.18897
0.15814
0.21978
0.22124
0.2025
0.16543
0.13447
0.20406
0.18386
0.22251
0.20957
0.15381
0.14503
0.18046
0.13759
0.20844
0.13985
0.18247
0.20369
0.13771
0.17217
0.20498
0.23096
0.22346
0.19923
0.15016
0.21673
0.16638
0.16988
0.18113
0.22157
0.15514
0.2384
0.21715
0.21786
0.14174
0.19768
0.18246
0.14569
0.22906
0.14561
0.17692
0.17436
0.24117
0.15378
0.19629
0.23984
0.15819
0.18899
0.22309
0.25178
0.1857
0.16138
0.20433
0.20927
0.21565
0.17157
0.24192
0.26206
0.20091
0.22537
0.26413
0.21669
0.21011
0.20183
0.2133
0.26325
0.26239
0.20611
0.25079
0.19918
0.23613
0.20791
0.2124
0.27963
0.2513
0.24617
0.27124
0.22615
0.19125
0.25709
0.24496
0.28095
0.25574
0.26904
0.25881
0.23927
0.23061
0.24856
0.23183
0.3008
0.23335
0.25114
0.27217
0.2652
0.24404
0.2892
0.30538
0.22133
0.26334
0.21445
0.29017
0.30942
0.29794
0.26346
0.2936
0.22385
0.28824
0.22762
0.28875
0.26055
0.27501
0.29148
0.27424
0.31791
0.29192
0.25691
0.33
0.2951
0.26484
0.23431
0.28872
0.23951
0.25008
0.24514
0.29365
0.32268
0.26153
0.33573
0.25774
0.30892
0.30024
0.26156
0.26033
0.3192
0.28513
0.2925
0.34447
0.33251
0.34242
0.27402
0.24739
0.27311
0.30294
0.33605
0.25271
0.29423
0.29167
0.31386
0.29143
0.31968
0.28986
0.29731
0.27048
0.34032
0.32522
0.3358
0.30676
0.34041
0.28649
0.328
0.33129
0.28142
0.3146
0.2737
0.31711
0.30127
0.26046
0.29188
0.25321
0.29954
0.3094
0.2544
0.32317
0.25831
0.33651
0.3067
0.30975
0.27272
0.24472
0.3164
0.26705
0.32336
0.24513
0.33594
0.26686
0.2996
0.27064
0.31833
0.31444
0.26421
0.29817
0.26472
0.29261
0.30019
0.30508
0.2873
0.2911
0.25662
0.25214
0.25308
0.23488
0.22761
0.27611
0.22566
0.30497
0.30578
0.29927
0.28942
0.27187
0.26626
0.25592
0.23378
0.29913
0.27789
0.2887
0.24168
0.24161
0.2699
0.28576
0.26607
0.23579
0.24799
0.26339
0.21696
0.22415
0.19927
0.22192
0.19652
0.23651
0.24533
0.21768
0.18094
0.25214
0.21992
0.16837
0.16332
0.22145
0.19056
0.21977
0.18257
0.2512
0.18326
0.19674
0.19274
0.16361
0.21762
0.17944
0.15385
0.22257
0.21371
0.21132
0.16478
0.22584
0.1407
0.17644
0.13595
0.1548
0.12227
0.21629
0.12926
0.20899
0.20536
0.12183
0.1914
0.19547
0.14123
0.13434
0.19202
0.19377
0.11008
0.1859
0.10174
0.16046
0.10186
0.15965
0.17028
0.095184
0.1732
0.12689
0.099225
0.12512
0.16726
0.14673
0.075101
0.085288
0.14317
0.064057
0.096951
0.11007
0.077049
0.12878
0.1266
0.061031
0.1476
0.049568
0.063953
0.11044
0.12309
0.05098
0.065944
0.077291
0.10144
0.064844
0.071641
0.10673
0.03802
0.10921
0.063651
0.027883
0.038332
0.039966
0.031535
0.058944
0.07754
0.089066
0.030736
0.030263
0.0432
0.037281
0.041063
0.072144
0.067295
0.085541
0.042359
0.073783
-0.0013202
0.046741
0.063243
0.0037075
0.041642
0.045216
0.022218
0.017707
0.067752
0.034365
0.016263
-0.014409
0.039107
0.067278
-0.0073383
0.065583
-0.0032866
-0.021847
0.0093244
0.02997
0.045065
0.060232
0.049925
0.05545
-0.023175
0.060843
0.011401
-0.0048734
0.010301
0.047776
-8.0911e-06
0.02192
0.041052
0.0050802
0.0090056
-0.0018635
-0.025343
0.046268
-0.031326
-0.0093133
0.020263
0.033758
-0.046621
0.012919
-0.043529
0.018859
-0.023251
0.034282
-0.04426
-0.043407
-0.054146
0.023919
-0.040354
-0.054151
-0.03293
-0.032599
-0.022108
0.0054237
-0.022026
0.032723
-0.042738
0.020662
0.024882
-0.032377
-0.019427
-0.031616
0.040178
-0.021953
-0.029773
0.0042844
0.037545
0.010783
0.030855
0.027188
0.0088227
-0.015968
-0.026899
0.0085217
-0.056722
0.035838
-0.0052505
-0.01807
0.011797
0.0018986
-0.022306
0.0067785
0.043961
0.03791
-0.0050496
-0.015921
-0.046339
0.042342
0.028906
-0.045892
0.032345
0.016682
-0.047776
0.031171
-0.045577
0.0047615
-0.022726
-0.010167
-0.0031123
-0.0022971
0.0111
0.0037298
-0.027493
0.025876
0.030718
-0.042555
0.0084504
-0.046581
-0.0033346
-0.015619
-0.00074502
-0.00044166
0.036189
-0.050558
0.036196
-0.012897
-0.036439
-0.029177
0.030215
-0.0334
-0.0063117
0.034903
0.044921
-0.0091681
-0.036875
-0.02549
0.031936
-0.020003
0.043226
0.0038215
0.013695
-0.020612
0.010223
0.045705
0.023693
0.040372
-0.0087111
0.03589
-0.048544
-0.039916
0.0029573
0.0019178
-0.035365
0.00085083
0.038864
-0.013349
-0.0056919
0.010027
0.025088
-0.010917
0.049452
0.003485
0.019972
0.0084884
0.037804
0.0096367
0.014902
0.027682
-0.018375
0.016345
-0.019293
0.027971
0.030566
-0.032609
0.038559
0.04271
-0.00083466
0.042425
0.023076
-0.00050209
0.04662
-0.019483
-0.011812
0.030848
0.0085301
0.033548
0.031265
0.021744
-0.042905
0.040714
0.031386
0.03128
-0.040005
0.054937
-0.020307
0.03767
0.016902
0.05495
0.0017184
0.011746
-0.018939
-0.041047
0.051462
-0.020753
0.049035
-0.036068
0.013713
0.026904
-0.016615
-0.00023824
0.057529
0.016143
0.043025
-0.0046277
-0.01744
0.022968
0.010131
0.032841
0.058314
0.055878
0.024002
-0.01702
-0.014052
0.036515
-0.014304
-0.00084414
-0.0045433
0.028677
-0.024692
0.025366
-0.014731
0.051208
-0.023988
0.036011
-0.037543
-0.011954
-0.022326
0.0091684
-0.011042
0.015745
-0.0088369
0.039783
0.0079659
0.02753
-0.019142
0.01844
0.020428
-0.030832
0.044519
0.02504
-0.0078769
0.0177
0.038505
0.045724
-0.0094531
0.0074832
0.022185
0.029927
0.043452
-0.0051424
0.026554
0.027992
0.028712
0.030435
0.062454
0.0042112
0.063968
0.041912
0.040558
0.017718
-0.015229
0.028812
0.061024
0.026269
-0.0075372
0.0091469
0.05726
-0.023748
0.020326
0.049706
-0.0086072
0.037973
0.062503
0.023678
-0.00032973
0.058618
0.023031
0.00094261
0.06986
-0.0061704
0.02888
-0.00085237
0.073877
0.079264
-0.0078554
-0.0023959
0.020773
0.052051
0.025662
0.079126
0.053639
0.010797
0.057705
0.021647
0.097769
0.080868
0.071459
0.070074
0.10163
0.062403
0.032459
0.024849
0.014268
0.10154
0.027141
0.030603
0.08304
0.033135
0.041731
0.090427
0.10894
0.086275
0.037125
0.04734
0.051519
0.10295
0.035093
0.078844
0.085964
0.092216
0.12516
0.090075
0.10238
0.13101
0.083573
0.095892
0.13459
0.13065
0.10308
0.087068
0.13433
0.068787
0.1451
0.062096
0.10318
0.11591
0.1012
0.072386
0.15665
0.080307
0.14514
0.1134
0.11644
0.094957
0.09566
0.11625
0.12425
0.10784
0.14711
0.078886
0.15272
0.13113
0.093888
0.15851
0.08527
0.16858
0.09287
0.11415
0.11593
0.17511
0.16372
0.14924
0.16886
0.097259
0.16853
0.15028
0.12217
0.11847
0.16862
0.16682
0.077401
0.1369
0.15266
0.074089
0.13605
0.14448
0.076755
0.080676
0.12179
0.097522
0.080557
0.10365
0.15193
0.0829
0.12902
0.15318
0.14109
0.12747
0.14615
0.13236
0.046803
0.063334
0.072095
0.092039
0.1121
0.051456
0.10865
0.085404
0.060149
0.079893
0.066091
0.097552
0.03296
0.040358
0.049999
0.097273
0.11337
0.08847
0.072062
0.099751
0.11057
0.1088
0.10043
0.097807
0.10061
0.018647
0.082085
0.069055
0.035973
0.078642
0.012345
0.047687
0.082759
0.086247
0.00293
0.0068602
0.020352
0.0026465
0.023566
0.085547
0.064893
0.0316
0.062232
0.068581
0.0094997
0.034554
0.02224
0.042016
0.019553
0.095881
0.039335
0.080149
0.015761
0.0098534
0.033541
0.092724
0.060903
0.025734
0.010526
0.043338
-0.00058311
0.0003037
0.041876
0.019476
0.028839
0.083238
0.0089424
0.055198
0.003341
0.05615
0.086998
0.098968
0.054967
0.05031
0.082807
0.058176
0.073149
0.068695
0.021828
0.023124
0.01401
0.038366
0.042498
0.074785
0.025349
0.04869
0.057219
0.098554
0.038178
0.11064
0.085416
0.1156
0.061572
0.052757
0.071131
0.069744
0.056202
0.061953
0.085366
0.12832
0.041975
0.085861
0.13297
0.050383
0.13793
0.13253
0.13232
0.15208
0.10504
0.12497
0.17778
0.13432
0.18264
0.20326
0.1689
0.20468
0.23753
0.21977
0.27842
0.23673
0.31121
0.34675
0.33314
0.34498
0.3779
0.43003
0.42979
0.4152
0.49488
0.54622
0.56151
0.57954
0.63012
0.64901
0.66179
0.71975
0.72646
0.76557
0.79341
0.75458
0.86496
0.84258
0.83747
0.95199
0.89069
0.96751
0.95847
0.96707
1.0213
1.0301
1.0082
1.1127
1.0533
1.0726
1.1449
1.1055
1.1061
1.1436
1.1217
1.1745
1.1576
1.1171
1.1678
1.1547
1.1511
1.1011
1.1312
1.1071
1.0775
1.0645
1.0986
0.99718
1.0452
0.96219
0.95514
0.93084
0.95103
0.8855
0.90573
0.85334
0.8513
0.79655
0.79446
0.74833
0.77783
0.69127
0.67259
0.71511
0.61507
0.68033
0.63106
0.63004
0.59623
0.56738
0.55026
0.47714
0.48699
0.48409
0.45483
0.42563
0.42986
0.39801
0.43529
0.33596
0.39668
0.35874
0.36136
0.36805
0.31962
0.33875
0.27064
0.28807
0.23991
0.3068
0.25703
0.25226
0.27021
0.21573
0.21493
0.26875
0.1966
0.24073
0.26745
0.26781
0.22035
0.26212
0.21171
0.18493
0.22077
0.21931
0.24581
0.21662
0.22777
0.22896
0.17107
0.21476
0.21144
0.23581
0.17238
0.15893
0.15952
0.2146
0.20246
0.23996
0.16594
0.19907
0.18818
0.19444
0.16594
0.22447
0.18641
0.1871
0.21571
0.22373
0.17568
0.19191
0.20267
0.20032
0.20084
0.15483
0.22459
0.17569
0.21836
0.22556
0.16127
0.20298
0.15531
0.21308
0.17285
0.1815
0.18656
0.19764
0.14963
0.17214
0.1554
0.14137
0.20967
0.17468
0.14261
0.17605
0.23013
0.19743
0.21433
0.224
0.23524
0.19206
0.20521
0.1689
0.14721
0.22501
0.17314
0.23607
0.14059
0.22764
0.14838
0.14175
0.22945
0.1528
0.17289
0.19621
0.15252
0.17447
0.18159
0.2193
0.15688
0.20272
0.15097
0.20135
0.17606
0.16403
0.20641
0.2247
0.23158
0.24674
0.24822
0.21033
0.1937
0.2151
0.24637
0.17307
0.21034
0.20729
0.19044
0.20143
0.21485
0.20548
0.24753
0.20028
0.23266
0.22312
0.16872
0.24564
0.1761
0.24445
0.26084
0.21468
0.20462
0.21357
0.21018
0.2579
0.24925
0.20432
0.24083
0.24091
0.27319
0.26056
0.27098
0.25731
0.23009
0.19685
0.2139
0.25545
0.29557
0.20387
0.20352
0.21625
0.25065
0.26374
0.25987
0.24595
0.2848
0.29428
0.29432
0.27963
0.27987
0.28342
0.27217
0.31273
0.28001
0.30649
0.28551
0.28323
0.24585
0.23163
0.30003
0.2792
0.24916
0.23516
0.23462
0.2382
0.29825
0.27538
0.24036
0.30802
0.24618
0.29888
0.25988
0.29392
0.2712
0.27061
0.26407
0.33958
0.31756
0.24468
0.27059
0.2572
0.3238
0.32804
0.30757
0.33642
0.29435
0.30815
0.31689
0.29397
0.3228
0.31078
0.31603
0.26122
0.29857
0.35558
0.27499
0.34426
0.29511
0.33238
0.29095
0.33403
0.28305
0.27038
0.27702
0.32578
0.31313
0.32369
0.29183
0.32729
0.29317
0.27255
0.26108
0.35972
0.34226
0.31583
0.33064
0.35802
0.27136
0.29501
0.3452
0.27021
0.3085
0.28931
0.27469
0.26685
0.28404
0.33489
0.29697
0.34465
0.27405
0.32815
0.34585
0.31033
0.2563
0.32737
0.26946
0.2649
0.32733
0.28601
0.25467
0.28408
0.2856
0.25389
0.26914
0.34508
0.33955
0.29445
0.32583
0.25517
0.28176
0.25253
0.32933
0.28348
0.31616
0.25657
0.24067
0.25777
0.30573
0.31609
0.30801
0.30662
0.24001
0.32732
0.2503
0.23627
0.29058
0.31503
0.29528
0.25274
0.27995
0.22643
0.28882
0.23911
0.28306
0.28926
0.30321
0.24662
0.29564
0.27236
0.24829
0.25521
0.24055
0.24982
0.20545
0.23424
0.25505
0.22505
0.29026
0.19624
0.22114
0.237
0.211
0.22455
0.25626
0.25943
0.20269
0.17716
0.25586
0.24814
0.20733
0.26644
0.18198
0.17661
0.26153
0.23971
0.17092
0.17763
0.15756
0.2254
0.15378
0.17317
0.18211
0.21584
0.1626
0.17486
0.22913
0.22971
0.20989
0.21525
0.18037
0.18363
0.19907
0.17454
0.20311
0.14736
0.21531
0.15885
0.17093
0.19926
0.15186
0.16418
0.12317
0.16397
0.11209
0.13633
0.14572
0.15131
0.11836
0.15908
0.10408
0.17982
0.10799
0.11748
0.10427
0.14378
0.094874
0.16022
0.10118
0.088711
0.10854
0.078489
0.091903
0.068889
0.11478
0.083626
0.15697
0.15452
0.070771
0.068405
0.14864
0.095969
0.073896
0.11382
0.066477
0.11935
0.060541
0.11244
0.108
0.0887
0.063178
0.045872
0.07761
0.089095
0.11914
0.057419
0.054755
0.088464
0.09217
0.077277
0.10182
0.082287
0.095182
0.096559
0.03383
0.080877
0.08397
0.063579
0.013554
0.075193
0.10494
0.024217
0.042894
0.049507
0.083575
0.025215
0.091056
0.011735
0.097404
0.079235
0.074044
0.030497
0.076405
0.014727
0.036783
0.018287
0.040294
0.034474
0.0048915
0.034063
0.022135
0.0549
0.062527
0.040292
0.051708
-0.015306
-0.015122
0.075148
0.051682
0.041532
0.029133
0.023862
0.034887
0.018665
0.036985
0.01787
-0.023581
0.035191
0.05066
0.059565
0.0087176
0.051158
0.0092267
0.01681
0.018952
0.045904
0.018245
-0.0052994
0.031498
0.014301
-0.029832
0.052156
-0.025499
0.050946
-0.0025753
0.047243
-0.014845
-0.014913
-0.032601
-0.033431
0.040676
0.046937
0.0023996
0.0080864
0.0056094
-0.0050191
0.021741
-0.04403
0.041268
0.030065
-0.014388
0.02484
-0.029019
0.036946
0.0021735
-0.037143
-0.011897
0.012549
-0.016635
-0.031433
0.038577
0.040714
0.028618
0.035545
0.015318
0.030604
0.05068
0.047444
-0.011685
-0.00018625
0.042286
0.011701
0.026298
-0.0032665
0.027767
-0.021144
-0.00134
-0.040243
-0.02104
0.051445
-0.037792
0.012386
-0.037681
-0.040258
-0.018904
-0.006976
0.029069
0.060141
-0.034965
0.021183
0.033172
0.057889
-0.00092637
0.025309
0.041117
0.039459
-0.019569
-0.023209
-0.0033346
0.012041
-0.0036041
0.032539
-0.032327
-0.015345
0.052491
-0.026823
0.013763
-0.0069489
-0.03553
-0.027699
0.039531
0.02887
-0.028366
-0.029268
-0.0021211
-0.017684
0.05664
0.0014026
0.031244
0.057462
0.0067079
0.03771
-0.012038
-0.03003
0.019897
0.06308
-0.024301
0.055687
0.021418
0.054453
0.061398
0.065815
0.031335
0.040927
0.061527
0.065409
0.017079
0.063194
-0.026556
0.0083487
0.012315
0.0018799
0.00069638
-0.0019082
0.040895
0.060846
0.053599
-0.01463
0.058854
-0.023371
-0.028906
0.011637
0.019912
0.048395
0.038051
0.031704
0.011646
0.063787
0.044194
0.031738
-0.018353
0.031329
0.022258
0.044059
0.047186
0.0012297
0.057652
0.069335
0.049645
0.071613
0.06491
0.023095
0.072464
0.036666
0.035073
0.062833
-0.016043
0.0020192
-0.0010127
0.060517
-0.0097466
-0.013736
-0.017144
0.054986
0.027538
0.0030456
0.047191
-0.015731
0.051197
-0.020984
0.064529
0.018041
-0.0096362
0.055006
-0.013384
0.043986
0.068778
0.062296
0.042602
0.01484
0.043156
0.059217
-0.016496
-0.01282
0.074647
0.037556
0.019837
0.02836
-0.0016585
0.0018447
0.036336
0.041485
0.071684
-0.016168
0.012911
-0.010833
-0.0038859
0.039186
0.0099059
0.049653
0.026128
0.059233
0.014568
0.07384
0.048348
-0.0038506
0.0065973
-0.0011542
0.064594
0.042609
0.038872
0.027718
0.063095
0.055235
0.066297
0.031774
0.028756
0.048264
-0.0047234
0.0051686
0.020088
0.03434
0.021424
0.0065274
0.0066445
0.045925
0.0060952
0.028256
0.018438
0.020536
0.020439
0.022602
0.080432
0.0046073
0.029284
0.092318
0.066746
0.029834
0.0063074
0.070408
0.1045
0.030243
0.06822
0.096942
0.072312
0.10063
0.047631
0.021047
0.063449
0.098057
0.09766
0.053568
0.024427
0.043277
0.068425
0.092642
0.060605
0.091517
0.1122
0.038974
0.079901
0.095484
0.072786
0.06268
0.093283
0.12384
0.069642
0.12582
0.047853
0.06568
0.12908
0.11708
0.13596
0.064923
0.097036
0.1358
0.15377
0.06822
0.10737
0.14349
0.10057
0.11857
0.15393
0.12191
0.16676
0.091704
0.11352
0.10045
0.11891
0.1158
0.17598
0.15128
0.15739
0.15767
0.16895
0.098283
0.1741
0.096268
0.17705
0.094884
0.17259
0.10483
0.16796
0.15761
0.18081
0.13492
0.14834
0.1192
0.10813
0.16323
0.19021
0.11559
0.13857
0.17457
0.13092
0.15759
0.19033
0.14519
0.18741
0.10347
0.10193
0.18386
0.10132
0.16533
0.17463
0.19059
0.14919
0.17684
0.15679
0.1864
0.19072
0.11995
0.12718
0.10755
0.1675
0.13011
0.11703
0.1735
0.13504
0.14268
0.14996
0.17757
0.11225
0.17235
0.17026
0.11238
0.092107
0.1057
0.10886
0.1068
0.066886
0.11319
0.090459
0.14787
0.098931
0.077269
0.063569
0.11517
0.12832
0.072531
0.11983
0.079649
0.050451
0.1045
0.11045
0.10301
0.048363
0.097397
0.082055
0.086583
0.12967
0.051617
0.04585
0.1192
0.073639
0.080885
0.050729
0.10382
0.10889
0.047795
0.11185
0.080758
0.094295
0.11868
0.076436
0.05479
0.052009
0.11376
0.089876
0.10604
0.086089
0.07783
0.089687
0.04841
0.10745
0.036701
0.056984
0.023237
0.12068
0.05886
0.025839
0.071148
0.097218
0.11112
0.023494
0.045083
0.059923
0.098015
0.030958
0.037477
0.054047
0.093109
0.11273
0.12434
0.030154
0.089444
0.10337
0.073862
0.12843
0.037519
0.036075
0.053527
0.033975
0.08348
0.055359
0.13368
0.080291
0.10925
0.067461
0.12664
0.11156
0.13608
0.1237
0.12738
0.13418
0.075862
0.048802
0.058364
0.14026
0.061491
0.072821
0.054085
0.13159
0.044317
0.043316
0.10577
0.12813
0.098009
0.029625
0.039214
0.12168
0.072506
0.026711
0.071595
0.046601
0.063127
0.082513
0.098319
0.11032
0.030466
0.064283
0.10851
0.039369
0.053005
0.092922
0.018331
0.012422
0.020074
0.087956
0.046877
0.01883
0.01598
0.09604
0.067353
0.049881
0.033689
0.018827
0.065213
0.051141
0.055067
0.0083223
0.077647
0.014483
0.0092702
0.070161
0.063542
0.084056
0.023634
0.035944
0.012404
0.059941
0.025479
0.088959
0.097236
0.060849
0.064579
0.09366
0.060074
0.10044
0.048439
0.0564
0.084435
0.081955
0.082481
0.099626
0.0072612
0.010314
0.02338
0.10076
0.028478
0.067312
0.071045
0.054652
0.091443
0.067211
0.017288
0.014756
0.077408
0.082916
0.052211
0.05836
0.10885
0.047958
0.041922
0.10921
0.10165
0.036605
0.11858
0.033319
0.031308
0.077026
0.10831
0.1079
0.0768
0.12502
0.087588
0.13081
0.11059
0.086972
0.088442
0.14031
0.12465
0.16829
0.17156
0.1861
0.14446
0.13809
0.15061
0.21581
0.22769
0.19366
0.21843
0.18645
0.28709
0.23241
0.32594
0.25842
0.35882
0.38392
0.39324
0.34526
0.43669
0.48939
0.47096
0.50523
0.51158
0.52462
0.60603
0.57428
0.62538
0.69755
0.71148
0.74007
0.7212
0.8212
0.81752
0.87794
0.89971
0.88481
0.90344
0.92003
1.0082
1.0073
1.0026
1.0628
1.0202
1.0789
1.1133
1.0844
1.0666
1.1639
1.1249
1.1631
1.1315
1.1909
1.1605
1.2092
1.2094
1.1214
1.1189
1.1545
1.1728
1.0926
1.1358
1.0772
1.1142
1.0568
1.0828
1.0288
1.05
1.0224
0.96325
1.0251
0.94122
0.94598
0.86533
0.88599
0.84971
0.80737
0.76778
0.77017
0.7215
0.78608
0.68841
0.72089
0.66033
0.68837
0.66827
0.59636
0.62036
0.56538
0.50314
0.4986
0.51741
0.51839
0.48538
0.43002
0.44153
0.45276
0.3705
0.37805
0.33974
0.32801
0.34142
0.30612
0.30646
0.36839
0.31769
0.33442
0.25342
0.30337
0.29857
0.2819
0.3235
0.25383
0.2381
0.30905
0.23878
0.22852
0.27104
0.27246
0.23215
0.29425
0.25653
0.21829
0.2083
0.23827
0.26812
0.23904
0.19423
0.20452
0.18161
0.24259
0.24575
0.24021
0.18311
0.24433
0.24925
0.25694
0.17595
0.24086
0.19078
0.17158
0.21131
0.25613
0.25464
0.24726
0.2108
0.19191
0.188
0.26041
0.19043
0.17695
0.21405
0.23541
0.22429
0.22994
0.16448
0.2042
0.20732
0.24666
0.24124
0.18165
0.24108
0.25253
0.17026
0.17487
0.1758
0.18284
0.22158
0.25082
0.1862
0.25707
0.16257
0.23559
0.24603
0.25636
0.22449
0.1681
0.16052
0.2447
0.21654
0.25374
0.24905
0.17943
0.18068
0.23416
0.16702
0.2041
0.22747
0.23529
0.19815
0.16244
0.19507
0.24032
0.18406
0.24368
0.21918
0.23889
0.18256
0.1924
0.25731
0.21674
0.1814
0.16649
0.17454
0.18639
0.2245
0.2514
0.19759
0.20833
0.1988
0.2194
0.25897
0.21679
0.17872
0.2514
0.1894
0.23931
0.26534
0.19946
0.26759
0.26036
0.22803
0.23083
0.2757
0.20006
0.2544
0.27225
0.21988
0.20035
0.25888
0.24166
0.19871
0.28407
0.28322
0.24231
0.24357
0.22412
0.24334
0.20573
0.26992
0.26816
0.27862
0.29956
0.22588
0.26152
0.27222
0.25291
0.29806
0.28413
0.28242
0.28818
0.27246
0.29424
0.29641
0.22713
0.28357
0.28802
0.25351
0.3113
0.30022
0.32319
0.32312
0.28477
0.29181
0.3053
0.29134
0.3261
0.29167
0.28708
0.30199
0.26924
0.30391
0.29238
0.24869
0.25891
0.30659
0.26282
0.3161
0.28961
0.276
0.29297
0.27908
0.28155
0.2677
0.28138
0.35374
0.29557
0.35221
0.31658
0.33273
0.28891
0.30062
0.31175
0.31169
0.35974
0.35662
0.34812
0.32362
0.30803
0.36003
0.34975
0.27583
0.28026
0.29418
0.33187
0.26653
0.26739
0.30944
0.32104
0.357
0.35127
0.33643
0.29539
0.2961
0.31661
0.34965
0.33187
0.32226
0.35073
0.28758
0.30445
0.2695
0.30374
0.32265
0.34618
0.2915
0.27604
0.29056
0.35068
0.3505
0.32683
0.31123
0.34378
0.36399
0.32426
0.29487
0.2688
0.33285
0.31983
0.29482
0.29557
0.33757
0.30745
0.31605
0.35469
0.35156
0.30658
0.35686
0.28994
0.31751
0.28245
0.3069
0.30408
0.33098
0.34389
0.31934
0.25298
0.28227
0.29515
0.33282
0.32894
0.32223
0.2958
0.28645
0.33577
0.25443
0.24026
0.32252
0.28471
0.31411
0.31424
0.28458
0.23498
0.23497
0.22999
0.22629
0.27773
0.26458
0.23938
0.26671
0.3178
0.31274
0.2836
0.30461
0.28567
0.24218
0.28343
0.23156
0.27297
0.20757
0.25272
0.20932
0.29549
0.20823
0.2267
0.22296
0.26681
0.26951
0.19019
0.27096
0.2173
0.25549
0.20065
0.25931
0.22499
0.17677
0.2029
0.26183
0.23333
0.20815
0.1761
0.21899
0.17832
0.18062
0.20721
0.18481
0.24196
0.20066
0.18436
0.22276
0.22854
0.22483
0.18642
0.23888
0.19195
0.20869
0.18525
0.15259
0.22417
0.20036
0.20863
0.20282
0.20055
0.17297
0.16826
0.12533
0.14597
0.15865
0.1536
0.17719
0.10629
0.14154
0.12417
0.1125
0.11871
0.18752
0.15064
0.15013
0.17159
0.15867
0.17849
0.17746
0.12847
0.10784
0.086772
0.08786
0.13389
0.087532
0.10845
0.13142
0.081779
0.11431
0.07529
0.11183
0.12469
0.1501
0.064256
0.09376
0.11362
0.051566
0.14227
0.10618
0.11154
0.076088
0.14016
0.053006
0.10553
0.12995
0.10975
0.046355
0.072743
0.059111
0.064369
0.063655
0.0871
0.11631
0.060232
0.11541
0.049477
0.080425
0.050199
0.029398
0.089148
0.018475
0.034454
0.057438
0.047834
0.027858
0.07237
0.074366
0.074182
0.031409
0.084091
0.0093191
0.089144
0.034877
0.063181
0.044496
0.029553
0.0634
0.036703
-0.011238
0.016574
0.039537
0.04607
0.068042
0.0051881
0.047814
0.057566
0.04354
-0.018503
0.02712
-0.02622
0.025612
-0.028251
-0.0036167
0.0076927
0.056539
0.029604
0.049517
-0.0025005
-0.0045704
-0.0062675
0.0048437
-0.021416
-0.021606
-0.01825
-0.039527
0.038027
0.047952
0.03471
0.055439
-0.016876
0.032545
-0.017301
0.044694
0.045779
-0.014197
0.050029
0.05142
-0.039325
-0.012468
-0.019824
0.042196
-0.035025
0.019404
-0.024011
0.014774
0.019194
-0.001122
0.052181
-0.011237
-0.0029624
-0.035526
0.029172
0.026083
0.048909
0.056367
0.016417
0.047815
-0.012804
0.030754
-0.018631
0.02218
0.0089679
0.04976
0.033487
0.048838
0.034401
0.02707
0.020268
-0.0137
-0.0087441
0.026033
-0.0095835
0.047295
0.062013
-0.03269
0.062342
-0.022673
-0.00091564
-0.022424
-0.016922
0.011749
0.00048997
0.015314
-0.029063
-0.024372
0.0061591
0.043373
-0.029366
0.035682
-0.02865
-0.031349
0.022921
0.036048
0.054616
0.063631
0.0098265
0.05948
0.050771
0.063786
0.057084
-0.021425
-0.017993
-0.032845
-0.02697
0.025122
-0.02752
0.055195
0.00023315
-0.010426
-0.024565
0.016074
0.045118
-0.00416
-0.016306
-0.015929
0.029592
0.056266
-0.0002605
-0.026241
0.061374
0.061034
0.011915
-0.011743
0.0037323
-0.0092035
0.058639
-0.029602
-0.024237
0.027259
0.012009
-0.014814
0.037251
0.0046193
-0.030075
-0.012498
-0.026971
-0.022318
0.028463
0.043495
-0.010712
0.0032863
0.038502
-0.023382
0.053685
-0.0041435
-0.0016848
0.019479
0.063932
0.041186
0.059042
0.046713
-0.00079754
0.055654
0.014925
0.0046009
-0.022658
0.016897
0.045041
0.039812
0.069364
0.042118
0.01666
0.070171
0.069585
0.0077248
0.045238
0.030288
0.030477
0.067505
-0.012739
0.060839
0.047983
0.043652
0.072184
-0.015476
0.059601
0.06081
0.0076304
0.059928
0.059461
0.037953
-0.0058987
0.031577
-0.0031189
0.020661
0.059804
0.028314
0.032297
0.047433
-0.0093147
0.04709
-0.0026492
0.04382
0.070012
0.036726
0.054017
-0.0042296
-0.0035685
0.016628
-0.005762
-0.0052833
0.045593
0.045929
0.0083537
-0.020996
0.0085157
0.027228
0.072672
0.022214
0.047716
0.0057594
0.05086
-0.017207
0.072911
0.055672
0.074186
0.070739
0.038816
0.064788
0.040843
0.069887
-0.02009
0.075822
0.011039
-0.019422
-0.017822
0.069981
0.072644
-0.0096082
0.033267
0.075446
0.02493
-0.0078628
-0.016635
0.056249
0.070831
0.034386
0.073711
0.0013326
0.038474
0.058499
0.039324
0.06665
0.011509
0.0053801
0.074226
0.013385
0.081476
0.019474
0.037773
0.036149
0.063337
0.066765
0.053589
0.047321
0.065477
0.088648
0.094713
0.035349
0.091248
0.005898
0.080047
0.082297
0.060467
0.065994
0.07574
0.071517
0.066728
0.042362
0.024701
0.02811
0.10019
0.03846
0.074804
0.043327
0.094805
0.038936
0.038128
0.066608
0.035051
0.087281
0.046451
0.12377
0.092271
0.10298
0.034967
0.068673
0.10729
0.048763
0.12203
0.054718
0.045493
0.12338
0.12071
0.067795
0.088293
0.082426
0.066153
0.14092
0.060655
0.11567
0.072691
0.10329
0.15353
0.13557
0.11204
0.10724
0.094547
0.072723
0.077366
0.14426
0.12221
0.088181
0.16979
0.17237
0.15197
0.088135
0.14201
0.095779
0.12121
0.14377
0.17119
0.13059
0.16926
0.11724
0.18629
0.17545
0.1119
0.095158
0.18001
0.090618
0.11135
0.1629
0.14699
0.14231
0.15978
0.15916
0.18765
0.12813
0.089413
0.13719
0.16617
0.17538
0.086886
0.1592
0.16932
0.096784
0.12852
0.13316
0.16913
0.15019
0.12205
0.1288
0.11677
0.074794
0.084161
0.10445
0.094083
0.10968
0.12469
0.10257
0.11819
0.10986
0.14015
0.096642
0.076122
0.058341
0.10131
0.067483
0.12695
0.076603
0.10958
0.1052
0.11985
0.089218
0.089263
0.098764
0.10504
0.064677
0.05418
0.10469
0.080898
0.036366
0.076963
0.035118
0.043226
0.061167
0.028451
0.081844
0.081881
0.088576
0.10641
0.032303
0.048054
0.042038
0.1155
0.083177
0.041149
0.084831
0.072869
0.10217
0.021401
0.054874
0.092164
0.024976
0.082466
0.081198
0.031106
0.10465
0.051332
0.010791
0.02637
0.030191
0.10684
0.089519
0.048553
0.030736
0.0069914
0.093057
0.10087
0.083705
0.0088859
0.045648
0.089287
0.048737
0.012192
0.041746
0.097588
0.061168
0.10481
0.027828
0.051941
0.043934
0.061016
0.053999
0.07177
0.077065
0.042807
0.066421
0.057365
0.092465
0.029284
0.027742
0.095504
0.068137
0.042745
0.054468
0.06989
0.10426
0.050515
0.037033
0.047216
0.072679
0.11982
0.071205
0.043406
0.040246
0.031599
0.044187
0.054821
0.089785
0.080794
0.086639
0.14168
0.11014
0.13111
0.060767
0.081944
0.079816
0.07356
0.1217
0.14481
0.08421
0.09692
0.17311
0.12062
0.16471
0.18221
0.23913
0.17506
0.2264
0.24203
0.2142
0.29935
0.33442
0.29855
0.32552
0.38636
0.3462
0.44099
0.42127
0.42193
0.45791
0.53857
0.50474
0.51827
0.59504
0.63036
0.62083
0.64414
0.72343
0.69219
0.79426
0.74002
0.81382
0.84903
0.86382
0.89116
0.92097
0.91901
1.0004
0.96658
0.96821
1.0257
1.0866
1.0799
1.0842
1.0464
1.1257
1.1161
1.0981
1.1448
1.138
1.164
1.0973
1.0948
1.0989
1.1139
1.1024
1.1468
1.0986
1.0993
1.105
1.104
1.0583
1.0192
1.073
1.0345
1.0026
0.91738
0.98068
0.90142
0.94852
0.91005
0.84097
0.83641
0.77932
0.76003
0.76778
0.74213
0.69847
0.71662
0.68005
0.63119
0.6649
0.63668
0.5743
0.58427
0.48223
0.48236
0.47662
0.4992
0.40733
0.43281
0.45176
0.4496
0.43318
0.33941
0.3444
0.3659
0.35712
0.36997
0.31466
0.27192
0.2744
0.29358
0.26986
0.25233
0.22859
0.23365
0.26775
0.21426
0.2651
0.23199
0.26645
0.25218
0.20845
0.24374
0.18224
0.25887
0.26413
0.18027
0.25539
0.17562
0.24028
0.19446
0.25566
0.16809
0.18083
0.22375
0.22724
0.23754
0.21637
0.17909
0.20155
0.22166
0.16185
0.16207
0.19818
0.17789
0.22805
0.16108
0.20334
0.18033
0.24507
0.19358
0.20411
0.16516
0.14866
0.18452
0.22923
0.14642
0.20776
0.17816
0.21494
0.17664
0.18535
0.14258
0.15219
0.18603
0.22613
0.16311
0.14442
0.14766
0.14388
0.22577
0.1914
0.15959
0.15276
0.17569
0.13962
0.20682
0.22517
0.18583
0.15458
0.22688
0.21163
0.189
0.22144
0.15255
0.15399
0.22087
0.19295
0.17664
0.21708
0.16044
0.20822
0.22663
0.21366
0.20296
0.1971
0.16074
0.17234
0.14929
0.24086
0.21597
0.2313
0.19849
0.24305
0.1896
0.15559
0.1617
0.16973
0.21935
0.18279
0.15137
0.18912
0.23371
0.16651
0.21473
0.16982
0.23718
0.22674
0.21248
0.22323
0.22179
0.17836
0.24529
0.2358
0.18465
0.16675
0.18788
0.23928
0.24088
0.22145
0.21959
0.26745
0.19789
0.18479
0.22591
0.20314
0.26721
0.19572
0.26482
0.22685
0.2488
0.27443
0.22848
0.28496
0.22184
0.23452
0.23936
0.21522
0.27773
0.21439
0.24953
0.26225
0.23658
0.23034
0.26451
0.23983
0.2983
0.28618
0.25084
0.23241
0.25655
0.25726
0.31096
0.23876
0.26453
0.28598
0.27104
0.222
0.25609
0.2204
0.24828
0.30079
0.24363
0.24954
0.23032
0.29348
0.23597
0.29652
0.29447
0.31803
0.30068
0.32323
0.24401
0.24447
0.25145
0.30032
0.28018
0.25257
0.31744
0.3231
0.25949
0.3393
0.27477
0.33723
0.32902
0.28708
0.27199
0.33315
0.26834
0.31594
0.28535
0.28174
0.29869
0.35007
0.28748
0.3194
0.26563
0.32439
0.34484
0.35321
0.30325
0.2797
0.29645
0.34036
0.32855
0.27623
0.31394
0.32964
0.2998
0.26756
0.35649
0.29925
0.332
0.27179
0.3316
0.3547
0.30627
0.29349
0.33552
0.28375
0.36031
0.32408
0.32126
0.26759
0.27394
0.2923
0.26839
0.26516
0.34994
0.2831
0.3338
0.343
0.29742
0.25987
0.29626
0.32221
0.26215
0.31854
0.33296
0.27043
0.3454
0.30369
0.31517
0.27828
0.33488
0.24983
0.26715
0.26271
0.25579
0.27144
0.3387
0.32437
0.31159
0.26361
0.25644
0.32299
0.30992
0.28907
0.29
0.25107
0.25608
0.25723
0.31091
0.30239
0.27209
0.28376
0.23146
0.24501
0.25849
0.26809
0.32131
0.27105
0.27481
0.25479
0.27373
0.28768
0.29656
0.29668
0.29806
0.28257
0.30566
0.25103
0.22465
0.26229
0.25547
0.22504
0.28202
0.25646
0.27499
0.21351
0.27503
0.23414
0.27774
0.24944
0.23893
0.1926
0.27772
0.26873
0.18474
0.24593
0.26582
0.19652
0.21072
0.17721
0.23894
0.1974
0.23271
0.21521
0.20096
0.2131
0.21617
0.18849
0.2425
0.17097
0.15205
0.1721
0.23454
0.18641
0.1395
0.23541
0.14488
0.15302
0.23126
0.1608
0.21189
0.13445
0.13654
0.15557
0.17292
0.19427
0.20587
0.12613
0.11329
0.12594
0.12569
0.16597
0.11586
0.11111
0.13008
0.15168
0.13845
0.10244
0.12028
0.16711
0.10299
0.10992
0.15228
0.096121
0.122
0.15611
0.14097
0.15638
0.15217
0.13098
0.16684
0.076185
0.14452
0.097359
0.067621
0.14711
0.13733
0.084106
0.1111
0.061085
0.099309
0.1472
0.060889
0.11339
0.14135
0.074077
0.11334
0.090671
0.054349
0.053688
0.084305
0.11343
0.059623
0.12282
0.068587
0.065964
0.071752
0.10658
0.079001
0.085952
0.075305
0.048548
0.10461
0.042016
0.026203
0.057529
0.013008
0.021532
0.068198
0.05516
0.042577
0.0080156
0.0078846
0.045275
0.067655
0.040258
0.06888
0.0046312
0.070508
-0.00096745
-0.00079705
-0.0058303
0.004247
0.062952
0.0324
0.018031
-0.01177
0.0067752
0.011082
0.022788
0.038684
0.072441
0.030764
0.023026
0.075865
0.0089845
-0.0043924
0.063805
-0.012197
0.049902
0.068531
0.0037633
-0.011773
0.052057
-0.0092805
-0.033689
0.038927
-0.030636
0.033791
-0.011769
0.010619
0.021126
0.045923
-0.016567
0.02334
-0.01447
-0.0005814
0.016088
0.016845
0.016036
-0.0098896
-0.0095728
0.039539
-0.01122
0.032435
0.011156
0.023022
0.022588
0.046257
0.047359
0.060859
0.035215
0.0028513
0.042424
-0.034267
0.02375
0.026718
0.051497
-0.0053273
0.026847
0.0061614
0.042051
0.040706
0.046278
0.01459
-0.032175
-0.025736
-0.03276
-0.00085489
0.045798
0.029447
0.010912
-0.024884
-0.033442
0.039408
0.0065007
0.041055
0.052827
0.030483
-0.0025521
-0.027819
-0.023007
-0.0065571
-0.014072
-0.029046
0.013868
-0.013916
-0.022146
0.053796
0.059971
0.00087638
0.0048518
0.059417
0.054433
0.064279
0.0095844
-0.024259
-0.025873
-0.014148
0.019838
0.06472
-0.0034861
0.040913
-0.010821
-0.028679
0.045875
0.014433
0.053048
0.061128
-0.023383
-0.001271
0.023477
0.044318
0.0083257
0.039651
-0.021159
0.024046
0.068408
-0.018133
0.04635
0.03172
0.031636
0.039778
-9.3032e-05
0.0032489
0.028583
-0.014528
-0.0010322
-0.011004
-0.015839
0.037644
0.016554
-0.023094
0.011289
0.074846
0.047501
0.042709
0.0065278
0.047932
-4.7045e-05
0.055078
-0.0030578
-0.013879
-0.0075819
-0.00921
0.046127
-0.018416
0.066676
0.01038
0.036056
0.024685
0.015395
0.05379
-0.0073729
0.024671
0.0013144
-0.011926
0.05356
-0.012324
0.074457
0.035695
0.063807
-0.0079227
0.03429
0.079046
0.058416
0.031445
0.0193
0.077372
0.02594
0.014276
0.043642
0.042238
0.071128
0.035418
0.018783
0.043809
0.068166
0.067237
0.03877
0.054295
0.059061
-0.012342
0.075887
-0.013141
-0.010995
0.07972
0.055001
0.0042243
0.043258
0.034453
0.074792
-0.0073272
0.059733
0.079266
0.0086436
0.082078
0.043113
0.035854
0.030265
0.072863
0.015066
0.049487
0.018967
0.0068543
0.077203
0.017885
0.074019
0.043685
-0.0013975
-0.0025414
0.0072321
0.076397
0.068172
0.08568
0.007299
-0.0062129
0.083217
0.024685
0.060543
0.021718
0.07354
-0.009784
-0.0023369
0.051331
0.058263
-0.0023569
0.0051494
0.069491
0.05849
0.028796
0.01994
0.017344
0.080995
0.013388
0.054111
0.073654
-0.0017765
0.056124
0.067025
0.082384
0.028798
0.012214
0.073287
0.01412
0.056345
0.0090825
0.086294
0.031789
0.019838
0.092625
0.040217
0.03667
0.029355
0.059312
0.035751
0.036548
0.092106
0.069709
0.040578
0.08289
0.084247
0.045127
0.06149
0.020773
0.07366
0.026298
0.058803
0.045169
0.09788
0.029028
0.064925
0.075145
0.077707
0.033438
0.05373
0.064595
0.11124
0.047599
0.092992
0.095794
0.040789
0.045763
0.12613
0.11842
0.10364
0.057095
0.069418
0.069326
0.14064
0.1133
0.10146
0.075004
0.06093
0.063923
0.12342
0.11547
0.13364
0.1352
0.11892
0.087357
0.16044
0.14813
0.15397
0.14373
0.1424
0.13982
0.12645
0.079456
0.12992
0.11706
0.097058
0.097345
0.10141
0.17894
0.1236
0.091257
0.092714
0.18113
0.12553
0.12474
0.16496
0.10745
0.18889
0.13367
0.15481
0.1221
0.157
0.13228
0.16326
0.13576
0.15825
0.16722
0.13013
0.13726
0.18123
0.18686
0.16479
0.18037
0.11266
0.17944
0.18211
0.14622
0.19052
0.16651
0.19874
0.13451
0.16732
0.14045
0.19775
0.15986
0.16491
0.17514
0.1688
0.17534
0.13903
0.15584
0.11586
0.18831
0.17166
0.18284
0.18099
0.14628
0.12276
0.15328
0.10974
0.17715
0.09691
0.10778
0.14967
0.084495
0.11959
0.14723
0.16268
0.076455
0.15775
0.14884
0.12483
0.13097
0.12196
0.078086
0.11296
0.15849
0.080198
0.13309
0.11433
0.060302
0.13678
0.14978
0.12563
0.071505
0.071438
0.11962
0.13438
0.11176
0.075436
0.10326
0.089774
0.061831
0.12616
0.044918
0.042641
0.080433
0.042343
0.12032
0.11633
0.066024
0.046564
0.10102
0.033491
0.06847
0.097869
0.10474
0.080655
0.038861
0.1128
0.10237
0.096955
0.070553
0.092922
0.069361
0.10561
0.089114
0.12539
0.085271
0.078569
0.033749
0.10659
0.12691
0.10777
0.073421
0.1243
0.042868
0.086455
0.057304
0.077534
0.03304
0.12007
0.091052
0.12533
0.12096
0.077072
0.10768
0.072936
0.098961
0.10652
0.10162
0.047576
0.1248
0.10294
0.07032
0.12555
0.10999
0.11269
0.10625
0.12667
0.11888
0.088111
0.14131
0.057234
0.082537
0.081242
0.1231
0.10385
0.084823
0.12536
0.072006
0.12907
0.1271
0.06981
0.15876
0.1097
0.098294
0.088645
0.13339
0.17922
0.13624
0.10357
0.15009
0.12027
0.13086
0.15931
0.16253
0.15168
0.22819
0.17516
0.21039
0.26263
0.28979
0.2443
0.32136
0.27226
0.36931
0.34939
0.40244
0.38367
0.38129
0.45153
0.50407
0.47578
0.51237
0.58372
0.53561
0.61263
0.62646
0.6481
0.73547
0.74486
0.78493
0.75246
0.7957
0.85479
0.82591
0.85735
0.9156
0.94373
1.0192
0.99202
1.0263
1.037
1.0755
1.0653
1.092
1.1015
1.1127
1.1694
1.1091
1.18
1.162
1.1207
1.1515
1.13
1.1744
1.1341
1.1884
1.1924
1.1128
1.0942
1.173
1.1338
1.1302
1.1398
1.0696
1.0542
1.0626
0.97453
0.97816
0.99521
0.90723
0.94763
0.87467
0.85816
0.86061
0.82568
0.79561
0.76286
0.75401
0.69743
0.72745
0.66834
0.69512
0.68945
0.62878
0.63446
0.57954
0.55221
0.5823
0.47941
0.50453
0.46411
0.42226
0.44601
0.415
0.43097
0.39253
0.3927
0.33253
0.30991
0.32749
0.37118
0.30054
0.34772
0.29426
0.31507
0.3186
0.26694
0.2964
0.24941
0.28132
0.2954
0.2663
0.29311
0.20125
0.21678
0.23502
0.25468
0.24527
0.18613
0.26564
0.18557
0.16726
0.21784
0.21393
0.17131
0.25479
0.18172
0.23422
0.23547
0.1728
0.1603
0.17551
0.17232
0.22794
0.19298
0.23658
0.15845
0.21315
0.15354
0.17294
0.23023
0.17205
0.23212
0.18932
0.15642
0.17871
0.17869
0.17367
0.19051
0.18816
0.23368
0.18348
0.21021
0.15315
0.2171
0.14554
0.20867
0.1843
0.15383
0.18903
0.17106
0.16061
0.23103
0.20096
0.22998
0.15179
0.21647
0.22165
0.22624
0.23019
0.14678
0.14019
0.13282
0.20344
0.22172
0.19028
0.20261
0.19021
0.18205
0.19688
0.18356
0.16672
0.16811
0.22931
0.21447
0.19557
0.18723
0.18794
0.14748
0.20783
0.1413
0.16568
0.20688
0.14331
0.15238
0.20717
0.20624
0.19948
0.1632
0.21881
0.1949
0.23802
0.19297
0.16317
0.20639
0.19398
0.18066
0.2317
0.22652
0.19555
0.17677
0.18334
0.15678
0.1968
0.18117
0.24359
0.25047
0.22475
0.17017
0.21771
0.23584
0.1914
0.16416
0.17195
0.2377
0.23072
0.25424
0.18675
0.25771
0.2602
0.19489
0.242
0.25104
0.17898
0.17674
0.20533
0.19415
0.23392
0.25165
0.24831
0.1967
0.25536
0.21606
0.24105
0.27585
0.20389
0.27407
0.25375
0.25289
0.23952
0.24539
0.27833
0.19543
0.28346
0.28733
0.2246
0.21771
0.23446
0.29392
0.25226
0.28954
0.26086
0.22433
0.2858
0.29913
0.25173
0.21423
0.30768
0.21923
0.30083
0.23563
0.31466
0.31283
0.25864
0.236
0.26458
0.31185
0.24022
0.26643
0.29063
0.24119
0.24229
0.24929
0.31417
0.29989
0.24446
0.33423
0.2709
0.28271
0.25108
0.30081
0.29405
0.25279
0.3359
0.27829
0.33963
0.32339
0.27259
0.32588
0.31205
0.32676
0.32288
0.28894
0.30839
0.28293
0.25769
0.31731
0.32034
0.29224
0.28616
0.3412
0.26408
0.26952
0.33703
0.26324
0.3434
0.35588
0.268
0.27336
0.27206
0.31667
0.27979
0.34538
0.29879
0.31429
0.35543
0.28711
0.27148
0.27853
0.31235
0.32717
0.29161
0.31199
0.26412
0.35674
0.28361
0.30409
0.34318
0.28247
0.29441
0.29983
0.32077
0.27445
0.36053
0.33732
0.34194
0.3469
0.2975
0.27875
0.30836
0.33081
0.34306
0.32258
0.32396
0.33242
0.2857
0.31725
0.3021
0.33945
0.3137
0.31319
0.28014
0.33175
0.34648
0.26503
0.33563
0.25108
0.32988
0.2619
0.30318
0.30416
0.30086
0.30238
0.27627
0.31919
0.30407
0.26634
0.31451
0.29781
0.31164
0.29923
0.29312
0.30347
0.26733
0.32049
0.27882
0.24981
0.25362
0.2829
0.30172
0.26183
0.29347
0.23951
0.28937
0.25183
0.23415
0.28049
0.26368
0.24881
0.23352
0.28334
0.24428
0.28755
0.28603
0.2946
0.24231
0.27416
0.28373
0.22254
0.23863
0.26559
0.27989
0.22897
0.23201
0.24839
0.24502
0.19122
0.23335
0.23643
0.22079
0.24536
0.24215
0.17009
0.17603
0.1826
0.23099
0.16178
0.24635
0.21526
0.24071
0.19404
0.16993
0.21687
0.15431
0.18806
0.23184
0.22554
0.1465
0.136
0.19275
0.1851
0.15845
0.15193
0.19987
0.16181
0.16792
0.19082
0.18326
0.1587
0.2003
0.16735
0.14195
0.16172
0.20414
0.12585
0.14129
0.11561
0.13458
0.16925
0.19265
0.15117
0.18033
0.18386
0.1179
0.17742
0.15363
0.097434
0.15341
0.08945
0.14533
0.12176
0.1292
0.14351
0.14329
0.11308
0.067583
0.10159
0.0913
0.11057
0.10563
0.088687
0.077245
0.07107
0.12793
0.1227
0.055379
0.13738
0.069786
0.098642
0.062835
0.092917
0.043399
0.059375
0.11566
0.050404
0.12186
0.072261
0.032138
0.061279
0.11749
0.078282
0.080215
0.065819
0.039558
0.03196
0.071977
0.034786
0.10432
0.08495
0.046441
0.09191
0.066161
0.091261
0.079545
0.0064124
0.016362
0.069513
0.053653
-0.0018828
0.073925
0.067435
0.082391
0.036862
0.03454
-0.010552
0.081769
0.060823
0.055876
0.018969
0.019487
0.036828
0.070727
0.026435
0.012293
0.016955
-0.022653
0.060007
0.015471
0.064937
0.023704
0.033493
0.018031
0.020116
0.052069
0.0608
0.032303
0.022147
-0.006766
0.056276
-0.034083
-0.017657
0.057354
0.034405
0.0077538
0.051065
0.021686
-0.032075
0.0033904
-0.027815
0.025212
-0.02721
0.0015697
0.0074057
-0.023482
0.048785
0.039849
0.041712
0.014489
0.014866
-0.018277
0.0087147
0.0107
-0.017878
0.0095903
-0.033585
0.014996
-0.0074283
0.029843
-0.00072199
0.011526
0.013672
0.028126
-0.049047
0.019301
-0.020491
-0.041092
0.001115
0.031973
0.045971
-0.024515
-0.039325
0.0491
-0.018785
-0.023013
0.033561
-0.048359
-0.025533
0.046509
0.051008
-0.012877
-0.041436
-0.034997
-0.031507
0.012148
0.017964
0.025008
-0.00237
0.017518
0.016677
0.0059263
-0.043149
-0.024629
-0.0025068
0.01577
0.038387
0.02228
-0.039957
0.03288
0.013702
-0.013758
-0.041466
0.048711
-0.010913
-0.0102
-0.015044
0.045001
-0.03822
-0.020738
0.029277
0.0075032
-0.0011701
-0.037895
0.016392
0.056797
0.01991
0.037444
-0.0034306
0.00040391
0.036746
-0.026123
-0.0054297
0.029859
0.06125
0.0033175
0.042902
0.012749
-0.033309
0.020519
0.035261
0.01292
0.046687
0.019491
0.023446
0.050067
-0.028763
0.00017228
0.026446
-0.023798
0.041273
0.04588
0.003499
-0.0016895
-0.0075626
0.037308
-0.028374
0.053781
0.051811
0.017317
0.0080757
0.042193
0.03794
-0.00035325
-0.0089849
-0.018633
0.013987
0.04401
0.033237
-0.0023738
-0.023902
0.026726
-0.013698
0.0099688
-0.00087977
0.024905
0.021115
0.0082232
0.066012
0.052002
-0.02776
0.039871
0.015697
0.032523
0.036864
-0.008057
0.036501
0.055767
-0.010388
0.027751
0.064825
0.031025
-0.010859
0.035489
0.01152
-0.025883
-0.0074961
0.029968
0.012218
0.039447
0.050466
0.031944
0.056385
0.033535
-0.008894
0.045487
-0.0072858
0.017952
0.066843
0.025006
0.043815
0.0016115
-0.0029144
0.053068
0.010003
-0.0051354
0.021871
-0.016002
0.0017437
0.031937
0.050928
0.029529
-0.020279
0.0057501
0.039599
-0.0080997
0.046358
0.017297
-0.010373
0.049039
0.032586
-0.010951
0.028206
0.02513
0.061452
-0.0073168
0.051471
0.075502
0.029508
0.052677
0.011807
0.060707
0.059951
0.0065045
0.044674
0.043567
-0.014142
0.028727
-0.014754
-0.017561
0.0091751
0.0076772
0.040592
0.020198
0.018356
0.048558
0.064128
0.05363
0.00085745
0.060547
0.033454
0.079454
-0.010415
0.041932
0.070912
-0.0047962
0.067859
0.045032
0.055937
0.061579
0.00050598
-0.0086178
0.073123
-0.004817
-0.0057982
0.039026
0.034611
0.010709
0.083282
0.089983
0.065513
0.06932
0.047878
0.04966
0.077132
0.038738
0.077414
0.027625
0.061197
0.056923
0.011818
0.075544
0.018996
0.056364
0.038941
0.051994
0.051846
0.095722
0.098601
0.05926
0.10671
0.048391
0.074215
0.026387
0.048596
0.054417
0.061655
0.09932
0.091716
0.041783
0.097416
0.030752
0.12072
0.044378
0.063465
0.10437
0.12223
0.089268
0.078964
0.052127
0.098939
0.10744
0.12591
0.10269
0.094369
0.058858
0.10277
0.095928
0.077493
0.085988
0.060348
0.13148
0.13603
0.080935
0.10057
0.14748
0.16293
0.067938
0.13968
0.15163
0.073383
0.086401
0.14635
0.16583
0.17407
0.15002
0.17111
0.1133
0.10608
0.11125
0.17265
0.086896
0.18589
0.14042
0.14121
0.1675
0.13139
0.13282
0.16715
0.16675
0.139
0.15201
0.18862
0.13991
0.14584
0.12594
0.17906
0.10835
0.15217
0.16758
0.16184
0.11235
0.12428
0.16494
0.14278
0.19101
0.18228
0.17235
0.12941
0.16733
0.11745
0.099517
0.17735
0.12835
0.15807
0.10322
0.13104
0.11937
0.16625
0.12232
0.11111
0.13088
0.16544
0.10769
0.1141
0.12967
0.14185
0.12812
0.077411
0.14663
0.077903
0.092493
0.12044
0.097409
0.11736
0.11783
0.1505
0.14522
0.092105
0.14753
0.11795
0.10766
0.069374
0.082865
0.091297
0.095297
0.084282
0.11904
0.10951
0.077939
0.098761
0.077921
0.048863
0.1349
0.049373
0.049316
0.076146
0.12306
0.053166
0.10625
0.087273
0.10686
0.038772
0.1041
0.097854
0.11622
0.11213
0.082225
0.088606
0.047995
0.06552
0.038392
0.028912
0.10942
0.058363
0.085781
0.06194
0.066195
0.10142
0.036676
0.058493
0.044084
0.0915
0.094526
0.055622
0.050019
0.021719
0.037156
0.073255
0.047923
0.050969
0.03804
0.10228
0.039682
0.056338
0.085935
0.035127
0.037282
0.11108
0.086779
0.05481
0.10153
0.047869
0.063527
0.033533
0.04113
0.0658
0.058088
0.078954
0.062655
0.092726
0.11395
0.022833
0.033745
0.089725
0.084019
0.030331
0.091524
0.088594
0.071629
0.039703
0.043695
0.091819
0.13066
0.12905
0.064315
0.065222
0.098832
0.095408
0.052967
0.10577
0.041649
0.051446
0.14206
0.12427
0.08709
0.049164
0.11186
0.1041
0.14581
0.16
0.07264
0.15649
0.11663
0.15568
0.124
0.12468
0.11622
0.19356
0.13996
0.22206
0.17991
0.15619
0.2179
0.18371
0.21493
0.20579
0.29122
0.28153
0.27673
0.29631
0.33209
0.40526
0.35526
0.41478
0.38932
0.48693
0.44375
0.49707
0.53598
0.53933
0.64494
0.65469
0.62337
0.68449
0.71122
0.78554
0.75341
0.80923
0.85008
0.89811
0.86817
0.87528
0.93364
0.99198
0.97442
1.0244
1.0702
1.0384
1.0328
1.0866
1.0966
1.1354
1.179
1.106
1.1158
1.1498
1.2239
1.1536
1.2168
1.2007
1.1996
1.2328
1.2246
1.1906
1.1521
1.2135
1.1105
1.1488
1.0928
1.1396
1.0927
1.0481
1.1134
1.0833
1.04
1.0065
0.95633
1.0058
0.89156
0.91429
0.8887
0.8587
0.81739
0.81321
0.81627
0.81538
0.79621
0.7064
0.71721
0.69246
0.64295
0.63691
0.64899
0.60957
0.52516
0.54273
0.55459
0.55746
0.52211
0.47899
0.49957
0.40294
0.46312
0.43431
0.38584
0.41096
0.41407
0.35435
0.36189
0.31242
0.31279
0.32439
0.37331
0.3435
0.27358
0.31437
0.26887
0.32307
0.33238
0.32826
0.26238
0.29293
0.30268
0.23645
0.29938
0.25484
0.25676
0.21711
0.29303
0.22883
0.3004
0.2992
0.26512
0.22961
0.25032
0.25343
0.27364
0.2006
0.27296
0.24965
0.23188
0.1918
0.23389
0.25773
0.26687
0.27184
0.21847
0.21672
0.20404
0.24713
0.23286
0.21696
0.1866
0.24306
0.21864
0.23681
0.21023
0.26442
0.21033
0.26522
0.21451
0.2274
0.20191
0.20618
0.18323
0.24961
0.23485
0.19383
0.22233
0.23125
0.26578
0.25794
0.21207
0.20772
0.2307
0.26227
0.23308
0.23379
0.18283
0.20773
0.26749
0.19204
0.24978
0.20811
0.20139
0.23587
0.26058
0.22185
0.17854
0.18289
0.22611
0.25825
0.19075
0.23343
0.2486
0.19505
0.23389
0.22555
0.21711
0.17684
0.20862
0.24394
0.25887
0.19171
0.27133
0.26594
0.2219
0.25379
0.20852
0.19111
0.24935
0.26105
0.22966
0.21361
0.21162
0.27201
0.25048
0.24901
0.24439
0.28306
0.22274
0.2745
0.27795
0.25921
0.23595
0.28951
0.23474
0.25315
0.28945
0.28004
0.29014
0.21532
0.28027
0.22804
0.27764
0.22132
0.20814
0.25835
0.2676
0.21147
0.2669
0.21768
0.28362
0.23731
0.27471
0.23293
0.23273
0.31564
0.28371
0.30224
0.29464
0.28743
0.30585
0.31884
0.30267
0.26498
0.29203
0.31925
0.2729
0.26339
0.32614
0.26956
0.32583
0.26866
0.33652
0.27583
0.284
0.31309
0.30144
0.3008
0.34187
0.31247
0.31774
0.2651
0.28898
0.31089
0.271
0.29831
0.29229
0.33605
0.33254
0.3416
0.26932
0.28013
0.30016
0.26616
0.32689
0.27919
0.36686
0.2827
0.30303
0.29768
0.28201
0.35093
0.27272
0.33214
0.34706
0.2903
0.31811
0.30285
0.30799
0.32238
0.35126
0.32213
0.34823
0.37925
0.3289
0.35829
0.34057
0.32864
0.35443
0.28514
0.31602
0.30418
0.37262
0.33831
0.3766
0.2964
0.32282
0.31429
0.38571
0.30607
0.36253
0.36976
0.32713
0.38008
0.37734
0.30392
0.3653
0.36063
0.37854
0.37665
0.30478
0.31466
0.33677
0.29583
0.36954
0.38425
0.3234
0.32365
0.28958
0.29492
0.2859
0.34882
0.37244
0.33919
0.37672
0.33398
0.36678
0.31315
0.36133
0.3125
0.32379
0.32084
0.29186
0.34949
0.30552
0.37525
0.32833
0.311
0.33686
0.35325
0.29889
0.32109
0.2817
0.3436
0.33635
0.33341
0.27855
0.31574
0.34211
0.32688
0.32969
0.32339
0.32604
0.32143
0.30616
0.33723
0.26434
0.35143
0.35173
0.31779
0.28167
0.30462
0.28241
0.31968
0.24498
0.26483
0.27079
0.33032
0.2527
0.23747
0.33209
0.33107
0.24214
0.23941
0.28254
0.31778
0.22522
0.25557
0.26508
0.31155
0.26949
0.24444
0.30207
0.24752
0.31075
0.2225
0.2122
0.2651
0.21454
0.22703
0.24571
0.23067
0.22904
0.20473
0.29144
0.21611
0.25418
0.24663
0.2543
0.24833
0.25328
0.19716
0.2282
0.19463
0.20381
0.23452
0.20475
0.21859
0.18676
0.23766
0.1967
0.186
0.25066
0.21016
0.24284
0.16408
0.18381
0.18058
0.2113
0.19622
0.20696
0.16263
0.15722
0.17255
0.14363
0.22823
0.21335
0.18175
0.15118
0.20273
0.21404
0.13717
0.18265
0.15396
0.1224
0.19352
0.13973
0.16232
0.11849
0.15795
0.17942
0.16603
0.1489
0.11946
0.16241
0.11249
0.13392
0.151
0.15724
0.15633
0.16028
0.12548
0.080261
0.12789
0.078984
0.14148
0.08536
0.093558
0.13764
0.15313
0.15155
0.076398
0.062468
0.092476
0.12827
0.14132
0.10737
0.07939
0.13946
0.1411
0.11604
0.087352
0.13494
0.068572
0.11928
0.091907
0.097823
0.053552
0.098443
0.045929
0.062479
0.058264
0.071424
0.086973
0.049155
0.065146
0.04252
0.039077
0.065398
0.10542
0.04983
0.089984
0.10281
0.036353
0.080811
0.10267
0.047859
0.10297
0.0067785
0.05711
0.033255
0.076354
0.003262
0.013457
0.017183
0.036233
0.071579
0.00015073
0.0368
0.013973
0.080863
0.037746
0.024664
0.051812
0.013742
0.013635
0.00037334
0.064338
-0.005852
0.051216
0.02198
0.0064641
-0.011209
0.06479
0.03454
0.031525
0.013607
0.051334
-0.019592
0.017024
0.053608
-0.027926
0.031282
-0.024032
-0.0029509
-0.029044
0.051544
0.018942
-0.011954
0.044776
0.040456
-0.031789
0.033552
0.02153
0.022839
0.03809
0.043924
0.022802
0.04561
-0.03664
-0.038577
0.025927
0.013978
0.026867
0.056485
-0.039767
0.034175
0.0027302
-0.0064492
0.03173
0.011941
0.053875
-0.039939
0.019921
-0.011183
-0.030868
0.004142
-0.037595
-0.018547
0.016059
0.013146
-0.015261
0.012225
0.014903
0.021219
-0.0077028
0.04881
0.02947
0.032553
-0.034767
0.054833
-0.026766
0.038963
0.057517
-0.019157
0.011376
-0.036135
-0.01602
0.037189
-0.026484
0.016949
0.053243
-0.0231
-0.033526
0.031496
0.028442
0.027744
0.04915
0.028048
0.0082342
-0.02061
-0.022887
0.052776
-0.034556
0.031943
-0.010797
-0.008582
0.035758
-0.002448
-0.0081011
-0.015772
-0.019029
0.03442
-0.023405
0.043961
-0.014312
0.041009
-0.021673
0.013404
0.024664
-0.021133
0.014635
-0.014795
0.030775
0.021802
0.033374
-0.013544
0.030107
0.00062462
-0.026183
0.019915
0.00040007
-0.014061
-0.0033287
0.048205
0.048807
-0.01899
0.043432
-0.022363
0.0094902
0.055367
-0.0062741
0.0064993
0.05011
0.010238
-0.0054809
-0.0059117
-0.013842
0.040475
0.065614
0.024461
0.066453
0.0029923
0.0033898
-0.031146
-0.0057496
0.066804
0.0082396
0.056647
0.054914
0.050525
0.066918
0.024569
-0.029895
0.039068
-0.0067861
0.0022747
0.010851
0.0050482
-0.0088426
-0.00029337
0.031276
0.045707
0.045955
0.06931
-0.01069
0.012669
0.01243
-0.011196
0.070047
0.059824
0.017295
-0.0020604
0.027428
0.06381
0.01151
0.012125
-0.017216
0.071047
0.023088
0.03839
0.022489
-0.018246
-0.0063791
0.069983
-0.012762
0.008073
0.046057
0.038065
-0.013583
0.032946
-0.01473
0.027626
0.0019908
0.066424
0.067925
0.052423
0.062671
0.052885
-0.0029399
0.043482
0.037314
0.049888
0.064029
0.068893
-0.0047051
0.056652
0.024072
-0.0027517
0.067951
0.041985
0.066318
-0.00033105
0.0070031
0.055836
0.068841
-0.023397
-0.023864
0.023791
0.024639
0.068347
-0.0042282
0.063263
0.0077799
0.047816
0.067411
0.019637
-0.0090898
0.046908
0.013398
-0.00016489
-0.0082318
0.016033
0.051035
-0.013207
0.048884
-0.010139
0.019602
-0.0036862
0.075437
0.035043
0.048631
0.054781
0.049396
0.055257
0.038368
0.0075835
-0.0071642
-0.0013396
0.01593
0.085706
-0.008226
0.017177
0.025444
0.070808
0.050564
0.090599
0.078659
0.055775
0.059197
0.072108
0.066496
0.062007
0.015121
0.08822
0.029136
0.030455
0.065376
0.098123
0.08615
0.096938
0.083398
0.019423
0.1032
0.048272
0.094626
0.065226
0.096837
0.097523
0.071144
0.03627
0.10712
0.04202
0.073646
0.03612
0.074336
0.11821
0.061157
0.057128
0.046419
0.1042
0.072113
0.04784
0.061492
0.13391
0.063659
0.11101
0.070955
0.079183
0.078979
0.13543
0.15029
0.15546
0.093158
0.10264
0.076992
0.12707
0.075824
0.15263
0.15271
0.15678
0.10324
0.1545
0.11221
0.16601
0.14309
0.14395
0.081958
0.099677
0.10726
0.14711
0.14176
0.10625
0.087776
0.16037
0.13104
0.11397
0.12668
0.15197
0.10409
0.18398
0.1106
0.1488
0.17739
0.16624
0.16535
0.13942
0.17757
0.17235
0.11593
0.12112
0.15499
0.15524
0.1149
0.09813
0.17132
0.10754
0.16415
0.16599
0.097599
0.10447
0.11531
0.077944
0.074626
0.081367
0.16164
0.11971
0.12934
0.10537
0.11627
0.1376
0.13358
0.1071
0.14946
0.078498
0.09108
0.1473
0.079737
0.079148
0.11055
0.092695
0.13175
0.067975
0.065686
0.088477
0.13541
0.11541
0.086676
0.090388
0.050005
0.10226
0.083751
0.048802
0.051471
0.11094
0.067451
0.091347
0.10517
0.022071
0.093914
0.10562
0.028088
0.074276
0.029901
0.091489
0.077324
0.085548
0.08612
0.10928
0.065346
0.070261
0.079015
0.094584
0.044105
0.045383
0.10031
0.017955
0.013284
0.099946
0.022793
0.10026
0.06262
0.089368
0.052315
0.081562
0.0047735
0.073323
0.096656
0.010373
0.012394
0.065459
0.030053
0.04405
0.082837
0.080719
0.076001
0.097983
0.035154
0.001184
0.065894
0.063136
0.085142
0.0041117
0.083321
0.068294
0.08966
0.096893
0.09534
0.021266
0.087063
0.065676
0.043009
0.075623
0.09532
0.070125
0.042019
0.059678
0.081214
0.08816
0.024565
0.083302
0.079571
0.038386
0.085206
0.1126
0.080863
0.019536
0.066891
0.057358
0.049553
0.056752
0.11664
0.029293
0.10375
0.048174
0.096653
0.07426
0.089776
0.11539
0.10764
0.12315
0.059136
0.14897
0.11861
0.13875
0.099419
0.14312
0.13096
0.11127
0.17903
0.17016
0.18888
0.23801
0.17845
0.20676
0.1888
0.24225
0.28437
0.29327
0.26592
0.32589
0.33205
0.36192
0.44795
0.38204
0.40984
0.4586
0.46981
0.50076
0.60363
0.5807
0.64206
0.62332
0.64641
0.75271
0.70957
0.76694
0.7655
0.79946
0.88905
0.82755
0.9399
0.96753
0.92333
1.0152
0.9544
0.99576
1.0387
1.0238
1.0836
1.1077
1.0564
1.1156
1.1248
1.1458
1.1033
1.1167
1.171
1.1392
1.1229
1.1493
1.1298
1.1292
1.1611
1.0735
1.0866
1.112
1.1243
1.0755
1.0233
1.0697
0.97808
0.97808
0.95126
0.94417
0.95305
0.94986
0.87614
0.85213
0.86008
0.84735
0.81427
0.7293
0.69751
0.73257
0.63761
0.64961
0.68017
0.6097
0.618
0.61765
0.57217
0.50076
0.52196
0.47944
0.46296
0.44111
0.45989
0.39399
0.4183
0.38855
0.41878
0.3951
0.33635
0.35534
0.37011
0.36729
0.34125
0.31082
0.30419
0.28486
0.25802
0.29925
0.32004
0.27119
0.22461
0.24705
0.27868
0.30698
0.26403
0.25097
0.25196
0.26733
0.26766
0.25986
0.29049
0.21314
0.27274
0.28453
0.24925
0.27332
0.28198
0.22196
0.2123
0.22822
0.2563
0.1969
0.23943
0.20396
0.22637
0.20327
0.2717
0.25094
0.2688
0.24405
0.212
0.25185
0.22108
0.26863
0.21546
0.23102
0.20335
0.26385
0.22473
0.26056
0.22079
0.24436
0.25116
0.23532
0.20712
0.19324
0.22386
0.21289
0.18379
0.21254
0.17529
0.23648
0.18418
0.18087
0.20613
0.21251
0.22168
0.25589
0.23029
0.20488
0.1793
0.17446
0.16073
0.19642
0.18366
0.20238
0.20007
0.17314
0.2008
0.17812
0.17513
0.20687
0.21667
0.25032
0.172
0.16376
0.23193
0.16641
0.19239
0.19371
0.22084
0.18553
0.23856
0.23554
0.1639
0.22877
0.24105
0.23922
0.25777
0.20017
0.20196
0.24976
0.19172
0.23798
0.20553
0.18281
0.19154
0.21185
0.21888
0.19005
0.24204
0.23839
0.24353
0.22149
0.237
0.23017
0.19621
0.21449
0.2222
0.25916
0.22679
0.28279
0.27495
0.25938
0.20242
0.2254
0.21043
0.29272
0.26581
0.24249
0.28381
0.26875
0.2541
0.27423
0.2886
0.24019
0.24416
0.27465
0.26301
0.26871
0.29579
0.2711
0.24405
0.30317
0.2172
0.21959
0.27543
0.2257
0.28411
0.26696
0.27979
0.29463
0.29547
0.25773
0.27791
0.26008
0.23936
0.26433
0.26629
0.24773
0.23926
0.27027
0.23724
0.26801
0.29733
0.29815
0.30562
0.27941
0.26219
0.28099
0.34373
0.3267
0.28254
0.30796
0.31434
0.29843
0.27994
0.30763
0.29431
0.30035
0.35372
0.27644
0.31994
0.30154
0.35661
0.26562
0.29499
0.3554
0.31557
0.30579
0.34845
0.28073
0.26839
0.32251
0.32479
0.29246
0.33635
0.33056
0.27486
0.31474
0.30169
0.3404
0.28999
0.30733
0.34083
0.27686
0.33374
0.27813
0.35303
0.35299
0.31656
0.36155
0.29272
0.32621
0.33045
0.28435
0.32385
0.33331
0.364
0.3437
0.35986
0.32313
0.26868
0.26879
0.31456
0.35638
0.33502
0.35001
0.29866
0.33374
0.35711
0.31887
0.33051
0.28325
0.36112
0.32785
0.35367
0.29598
0.26229
0.33061
0.34219
0.33155
0.31385
0.29379
0.32621
0.27073
0.33625
0.28227
0.33631
0.32885
0.34213
0.3254
0.26624
0.31321
0.30117
0.28162
0.32666
0.30869
0.30443
0.29164
0.32855
0.2624
0.2521
0.31791
0.24644
0.24032
0.2536
0.30627
0.24437
0.29424
0.30201
0.2489
0.25627
0.2771
0.25894
0.23572
0.3028
0.26914
0.23495
0.27419
0.23564
0.23512
0.22845
0.2974
0.28785
0.2175
0.20137
0.21231
0.22442
0.22936
0.1984
0.22343
0.21725
0.22306
0.18508
0.24191
0.24104
0.24191
0.2191
0.18088
0.27005
0.22338
0.17141
0.17946
0.20027
0.24069
0.20004
0.19728
0.18078
0.1669
0.15127
0.16891
0.15846
0.17933
0.189
0.15766
0.21608
0.14707
0.15251
0.22812
0.13583
0.15802
0.12761
0.18305
0.16332
0.19954
0.17916
0.21651
0.1946
0.17853
0.18101
0.17094
0.13366
0.14869
0.1632
0.17894
0.12642
0.14215
0.13889
0.17902
0.10167
0.14168
0.097331
0.090607
0.17686
0.10986
0.087528
0.1026
0.094267
0.11739
0.13148
0.082202
0.079604
0.082731
0.14668
0.11594
0.096108
0.14989
0.15369
0.074405
0.1363
0.14103
0.14059
0.12526
0.13757
0.14174
0.081953
0.053954
0.057139
0.078519
0.11634
0.053388
0.055216
0.11288
0.10413
0.099306
0.05193
0.10491
0.08072
0.03806
0.054289
0.11571
0.090932
0.10096
0.040612
0.083362
0.098352
0.042453
0.055607
0.10346
0.095869
0.013821
0.069027
0.035533
0.0050046
0.071769
0.078267
0.069649
0.087136
0.051932
-0.0054863
0.048765
0.073575
0.045194
0.039771
0.012746
0.075595
0.024679
0.019277
0.027808
0.026881
-0.01501
0.0103
0.023814
0.0059283
-0.010365
0.021281
0.041784
0.05237
0.047209
0.054227
0.02336
-0.0062048
-0.0046499
0.016534
0.022854
-0.02058
0.0085724
0.014821
0.047183
-0.00068337
0.054033
0.013225
0.0050455
0.0099288
-0.0065413
-0.01917
0.044356
0.021789
-0.0037583
0.0091242
-0.0048066
-0.019196
-0.027082
-0.015348
0.002723
0.02889
0.0013125
-0.037698
0.019401
-0.033191
0.015062
0.043607
0.030764
0.0060576
0.042681
-0.0029866
0.049388
-0.0087791
0.020443
0.04273
-0.025186
0.0038193
0.0366
-0.027876
0.048868
-0.0048223
0.016131
-0.017402
0.050383
0.0061026
0.0013375
0.013272
0.039007
0.025029
0.061965
-0.0059261
0.044908
0.031548
-0.0099318
0.03372
0.060272
0.064689
0.023989
-0.024229
0.06105
0.010402
0.063129
0.034979
0.031794
-0.011357
0.0285
-0.0036891
0.01447
0.025734
0.053378
0.033637
-0.013406
0.013753
0.058593
-0.0028025
-0.011253
-0.013681
0.018281
0.003474
0.012596
-0.029268
0.036672
-0.029196
0.0092862
0.055155
0.0050363
0.0021363
0.03418
0.0004568
-0.016227
0.027325
0.0019101
0.024768
-0.00016518
0.045821
0.035282
0.015195
0.018183
0.020357
-0.0020029
0.034488
0.066365
0.013045
0.038513
0.039425
-0.0021243
-0.01787
0.070307
0.065717
-0.01855
0.019059
0.0098214
-0.023439
-0.023989
-0.024872
-0.01085
-0.014009
-0.02074
0.058537
-0.0050765
-0.0097696
-0.014645
-0.014628
-0.00070533
0.020424
0.055136
-0.0038661
0.041943
-0.0018188
-0.0076371
0.059978
0.026291
0.023157
0.060345
0.027508
-0.0037506
0.051493
0.035643
0.010539
-0.0044871
0.029903
0.033602
0.015943
0.041306
0.070519
0.0095313
-0.012476
0.071739
0.026402
0.022892
0.055787
-0.024444
0.045249
0.06234
0.051774
-0.0072144
0.062348
0.065971
0.041678
0.041178
-0.012607
0.035939
0.054979
0.073493
0.060063
-0.020707
-0.017592
0.01095
0.01496
-8.3006e-05
0.0091911
-0.00090042
-0.019449
0.071963
0.040973
0.026143
0.03295
0.027478
0.010739
0.039595
0.061587
0.069144
-0.0076228
0.012159
0.042014
0.060672
0.075558
-0.016367
-0.014833
-0.0011263
0.042992
0.034553
0.04116
-0.017836
0.02245
0.078308
0.009798
-0.015597
0.03032
0.075168
0.06855
0.042138
0.034156
0.074441
-0.0052311
-0.010367
0.032536
-0.0015089
0.010144
0.024817
0.045258
0.048376
-0.010306
0.027007
0.065749
0.079286
0.07075
0.008496
0.080945
-0.010434
0.013572
0.066947
0.008049
0.07946
0.052318
0.018211
0.028975
0.048851
0.0079829
0.087892
0.093511
0.04029
0.037512
0.016141
0.092804
0.028723
0.025757
0.025199
0.048452
0.10366
0.065405
0.028352
0.043294
0.092388
0.074512
0.038871
0.07523
0.072266
0.11601
0.065257
0.0336
0.10064
0.045139
0.027418
0.10569
0.11639
0.085644
0.087792
0.060172
0.052762
0.11153
0.073551
0.094603
0.096888
0.046439
0.11499
0.060657
0.11752
0.088309
0.056843
0.13727
0.13044
0.13088
0.15816
0.12591
0.088238
0.11764
0.10683
0.088376
0.084049
0.11856
0.13272
0.096917
0.16232
0.13332
0.17067
0.087228
0.096637
0.1428
0.10913
0.11306
0.13781
0.16314
0.17503
0.17413
0.102
0.12742
0.097972
0.17902
0.16392
0.11818
0.16147
0.12648
0.17098
0.11886
0.097199
0.18091
0.16679
0.16742
0.14304
0.10977
0.11045
0.14468
0.17303
0.16191
0.16485
0.10906
0.098966
0.14606
0.14421
0.15812
0.083566
0.12008
0.10848
0.16726
0.12528
0.088853
0.081488
0.11163
0.11358
0.081468
0.097298
0.072341
0.13602
0.078213
0.15938
0.11025
0.090901
0.078862
0.067867
0.11036
0.075274
0.053725
0.091894
0.14281
0.063397
0.071467
0.089534
0.098449
0.12883
0.052115
0.065834
0.044724
0.038893
0.11112
0.06087
0.051512
0.05033
0.092993
0.11913
0.038339
0.032833
0.065546
0.031073
0.097953
0.051926
0.038701
0.027703
0.030893
0.044449
0.036115
0.044675
0.088305
0.080896
0.081568
0.10783
0.037697
0.033225
0.099209
0.094777
0.086985
0.03713
0.042413
0.040914
0.025423
0.069254
0.10661
0.062612
0.06021
0.091755
0.092879
0.088425
0.034799
0.044346
0.029285
0.011194
0.086712
0.070011
0.095255
0.041307
0.042853
0.098166
0.023932
0.048388
0.048792
0.049084
0.015965
0.082707
0.10325
0.070351
0.031587
0.04943
0.056357
0.041086
0.074911
0.030544
0.09046
0.09183
0.11306
0.043342
0.075484
0.074464
0.031274
0.10293
0.035623
0.11143
0.1067
0.083711
0.092412
0.11722
0.043295
0.11271
0.070215
0.11964
0.076544
0.092133
0.10383
0.13137
0.10513
0.085454
0.079117
0.093025
0.17206
0.15116
0.18049
0.15965
0.19669
0.18594
0.21319
0.18157
0.22371
0.20186
0.21727
0.23153
0.3317
0.29132
0.38441
0.35057
0.36665
0.36385
0.42729
0.42777
0.48721
0.49526
0.53916
0.51544
0.59686
0.65635
0.61538
0.72348
0.71092
0.73501
0.77358
0.76897
0.79253
0.85003
0.90134
0.89983
0.97654
0.96684
0.98953
0.99852
1.0383
1.0693
1.0082
1.0687
1.0751
1.1322
1.0687
1.0774
1.0794
1.0752
1.1693
1.1014
1.0762
1.1026
1.0753
1.1256
1.0859
1.1193
1.0655
1.0565
1.0746
1.0126
1.0119
0.9568
1.0315
0.94894
0.96378
0.93652
0.89521
0.90619
0.82448
0.82798
0.81189
0.76536
0.77662
0.78312
0.68841
0.72647
0.6509
0.66646
0.66597
0.58944
0.56463
0.54065
0.53416
0.4615
0.44723
0.52064
0.43773
0.42257
0.45416
0.40372
0.34368
0.41592
0.31419
0.3
0.28234
0.336
0.31546
0.32908
0.30961
0.26249
0.24312
0.23371
0.25063
0.29213
0.24239
0.27721
0.26138
0.22774
0.23103
0.21998
0.18612
0.16414
0.19765
0.2012
0.21964
0.18449
0.23624
0.17509
0.18006
0.16264
0.18313
0.19001
0.20966
0.16084
0.14839
0.19933
0.16885
0.20554
0.21614
0.21702
0.19922
0.12444
0.14239
0.21414
0.19175
0.1415
0.14048
0.18848
0.13216
0.15729
0.15464
0.17712
0.13273
0.1648
0.1933
0.20832
0.1895
0.18758
0.10904
0.11937
0.19508
0.14879
0.12109
0.14283
0.12444
0.19646
0.18661
0.19034
0.14226
0.11391
0.12852
0.12694
0.12679
0.10714
0.17359
0.15728
0.17031
0.18864
0.10752
0.12329
0.1115
0.11804
0.1616
0.17119
0.10973
0.17202
0.17658
0.20371
0.1869
0.20234
0.14926
0.17018
0.17783
0.11485
0.11937
0.1208
0.10717
0.17557
0.20577
0.19271
0.15758
0.20421
0.13034
0.16528
0.13473
0.1907
0.11583
0.12908
0.18453
0.1448
0.1568
0.11679
0.16678
0.17714
0.20128
0.15182
0.19923
0.21239
0.17613
0.13988
0.15633
0.18013
0.12518
0.15805
0.14924
0.15117
0.19006
0.22109
0.17708
0.18451
0.2021
0.15439
0.22596
0.18841
0.20895
0.21188
0.16485
0.16397
0.20151
0.14804
0.23642
0.14687
0.23705
0.24834
0.22273
0.15862
0.18609
0.24303
0.18077
0.18861
0.25352
0.24273
0.1933
0.19569
0.19623
0.26415
0.19342
0.24161
0.18609
0.1719
0.22996
0.22562
0.23332
0.22259
0.20989
0.20532
0.27293
0.25357
0.23765
0.23599
0.26682
0.27157
0.27902
0.20055
0.23443
0.23597
0.2299
0.24293
0.24697
0.26342
0.29036
0.2064
0.26089
0.24418
0.24851
0.28354
0.25573
0.23682
0.26786
0.29764
0.24764
0.2196
0.28126
0.26125
0.24181
0.21615
0.22023
0.29054
0.26582
0.27101
0.28359
0.29994
0.23902
0.27414
0.2893
0.30273
0.28568
0.24568
0.27371
0.3005
0.2414
0.31385
0.25572
0.30389
0.30559
0.23009
0.2767
0.28895
0.24803
0.30132
0.26148
0.29825
0.32149
0.25377
0.25088
0.31103
0.25663
0.30249
0.32101
0.2461
0.24834
0.29474
0.28381
0.30537
0.2482
0.24453
0.28402
0.2525
0.23384
0.28282
0.322
0.3225
0.2981
0.26216
0.31913
0.32274
0.24063
0.3231
0.26702
0.3251
0.3226
0.2487
0.26507
0.31352
0.32318
0.23367
0.3116
0.25317
0.32413
0.24564
0.28366
0.24432
0.23398
0.25532
0.3108
0.31826
0.28472
0.31689
0.26048
0.26684
0.23983
0.22085
0.2888
0.21957
0.23453
0.28399
0.27176
0.25689
0.29396
0.30075
0.25114
0.25156
0.23807
0.26093
0.23768
0.21878
0.20828
0.28893
0.23558
0.28432
0.28475
0.23728
0.22155
0.28221
0.27639
0.22213
0.20354
0.20599
0.27752
0.19269
0.27348
0.26715
0.19866
0.19819
0.22192
0.20798
0.24834
0.18675
0.20238
0.17592
0.18643
0.23967
0.17996
0.21395
0.21835
0.20936
0.17746
0.17061
0.16397
0.19212
0.14389
0.21033
0.15004
0.20426
0.19069
0.22061
0.18368
0.17866
0.18835
0.17303
0.12856
0.20819
0.18232
0.15866
0.1847
0.113
0.16907
0.16167
0.13038
0.12701
0.16245
0.15872
0.10875
0.17751
0.15166
0.12803
0.092269
0.095943
0.12226
0.11767
0.13127
0.10117
0.15271
0.12351
0.13132
0.17357
0.16055
0.14868
0.14788
0.15191
0.10483
0.080108
0.13726
0.11812
0.14875
0.078288
0.073822
0.1206
0.14709
0.073865
0.051898
0.13667
0.094899
0.12148
0.08635
0.038963
0.092341
0.070737
0.060318
0.10334
0.041955
0.056144
0.064594
0.080569
0.11231
0.075458
0.085902
0.097277
0.015859
0.056722
0.061289
0.10043
0.022182
0.066353
0.097643
0.072369
0.053195
0.014303
0.0083514
0.011925
0.06877
0.01953
0.031162
0.0042634
0.019113
0.017899
0.019852
0.052019
0.081157
0.038958
0.081089
0.047818
0.051861
-0.013655
0.072243
-0.014507
0.033127
-0.013618
0.051935
-0.014189
0.046946
0.033077
-0.015617
0.055873
0.0097255
0.03794
-0.0095027
0.011526
0.038254
-0.01443
0.031955
-0.027768
-0.0058205
0.027934
-0.016097
0.036526
0.033199
0.0038629
0.00014104
0.025401
-0.0010827
-0.033491
-0.027417
-0.026148
-0.02868
-0.0025815
-0.012093
-0.014202
-0.016782
0.0033213
-0.019633
0.025248
-0.026677
0.024293
-0.013483
-0.034598
-0.046704
0.0035184
-0.056717
0.015775
-0.0018732
-0.018286
0.0035157
0.028449
-0.039021
0.021854
-0.015565
0.013123
0.024891
-0.06063
0.0024223
0.00083648
-0.037757
-0.039555
-0.027103
0.0046311
0.013695
-0.066192
-0.018799
0.00035159
-0.025487
-0.020696
0.016029
-0.046362
-0.019794
-0.041024
-0.041041
-0.055836
0.027764
0.031105
-0.0029322
0.028488
0.013726
-0.042033
-0.018544
-0.057455
-0.02469
0.012076
-0.060505
-0.011261
-0.015898
-0.029164
0.02698
0.016185
0.010885
-0.044834
-0.059741
-0.050153
0.0015612
-0.011288
-0.038471
-0.0084965
-0.026669
-0.046066
-0.051202
0.025902
-0.011492
-0.04247
-0.042935
-0.024527
-0.013867
0.024597
0.026913
-0.012716
0.022373
0.030236
-0.024257
-0.015975
-0.003939
0.028298
0.028125
0.038181
-0.045316
0.0016679
-0.039234
-0.015044
0.0056399
-0.029162
0.03133
-0.04718
-0.006306
0.011446
0.032586
0.0041564
-0.042654
-0.027367
0.0013983
-0.0061974
-0.038858
0.019591
0.043104
0.010987
0.023347
0.029067
-0.03516
-0.028513
0.010335
-0.035096
-0.047975
-0.012653
0.021009
-0.025858
0.011448
0.012288
-0.035559
0.031324
-0.023244
-0.042153
0.027053
0.0038626
0.050006
-0.010569
-0.016188
0.03292
0.0083862
-0.037753
-0.031589
-0.047642
0.0024273
-0.00071904
-0.0036092
-0.0038802
-0.022437
-0.028076
-0.030874
0.0090063
-0.041552
0.022628
0.048571
-0.0048908
0.021538
0.0046319
0.018959
-0.019552
-0.020803
0.010578
0.047115
-0.0033277
0.050701
0.02972
0.022985
-0.026724
-0.04129
0.0263
0.012895
0.028542
-0.019146
-0.032706
0.016726
0.030949
0.044619
-0.0066089
-0.027142
-0.0054845
0.002604
0.035967
0.047479
0.0011335
0.012829
-0.0099536
-0.035842
-0.017738
0.040052
0.027991
-0.025796
-0.03643
-0.023832
0.05051
0.0045948
0.022961
-0.014439
0.015258
0.029627
0.04454
0.061382
0.0058497
-0.036618
0.007656
0.031904
-0.026594
0.044124
-0.0014052
-0.031475
0.058224
-0.0207
-0.027558
0.047739
0.031735
0.018327
-0.0023065
-0.018382
-0.025975
0.011136
-0.013875
0.037481
0.0060232
0.020428
0.018901
0.047538
-0.0062622
0.044696
-0.01812
0.04112
0.0011871
-0.0053278
-0.0002683
0.040996
0.066976
0.023686
0.055668
-0.024061
0.0030184
0.039111
0.032198
-0.012314
0.067349
-0.006709
-0.0024027
-0.013013
0.021869
0.011556
0.0081969
0.06401
0.078884
-0.0024355
0.019605
-0.014811
-0.0040287
-0.0066728
0.032998
0.078598
0.018228
-0.0023952
0.066527
0.078531
0.080507
0.0046558
0.012012
0.013828
0.01183
0.045854
0.08143
0.072777
0.050957
0.054345
0.10088
0.093078
0.031675
0.087058
0.099346
0.083965
0.047834
0.06979
0.081827
0.026229
0.055871
0.043376
0.087808
0.041118
0.083443
0.051272
0.069086
0.11422
0.061797
0.052739
0.12398
0.09104
0.056299
0.11559
0.12173
0.061518
0.14
0.13656
0.087877
0.072372
0.057094
0.089537
0.066725
0.15177
0.1491
0.15553
0.14784
0.12237
0.079072
0.13763
0.11584
0.075429
0.10483
0.16377
0.075004
0.10374
0.078152
0.12112
0.16348
0.099691
0.10986
0.11189
0.1068
0.16654
0.09993
0.10905
0.093006
0.11975
0.15229
0.14244
0.1726
0.18548
0.1681
0.13117
0.13502
0.17299
0.094196
0.17054
0.17161
0.091825
0.10947
0.16469
0.12363
0.092056
0.108
0.099623
0.12652
0.09
0.16817
0.15195
0.13964
0.14562
0.091072
0.10901
0.10292
0.094922
0.080137
0.11087
0.15284
0.11523
0.14103
0.11361
0.10223
0.1433
0.10796
0.12883
0.12806
0.10275
0.11464
0.060761
0.11947
0.068221
0.065919
0.085219
0.070473
0.087467
0.10323
0.13607
0.087256
0.081731
0.057006
0.040247
0.091395
0.082506
0.07775
0.080035
0.11459
0.11997
0.068965
0.091855
0.092149
0.048231
0.039829
0.04281
0.046933
0.023794
0.11623
0.11536
0.051264
0.030251
0.11293
0.10178
0.1056
0.03716
0.020371
0.087537
0.04416
0.058914
0.080573
0.10171
0.065481
0.020757
0.041951
0.020566
0.10397
0.10024
0.060247
0.098837
0.044831
0.077502
0.033122
0.089267
0.081081
0.077687
0.10237
0.070899
0.040814
0.10691
0.031292
0.084281
0.099575
0.043653
0.085797
0.097714
0.08208
0.081361
0.030501
0.020234
0.062727
0.079247
0.024325
0.043291
0.1063
0.087805
0.10027
0.036072
0.024209
0.062851
0.10595
0.10124
0.07163
0.10798
0.12193
0.058023
0.035864
0.082315
0.032261
0.081256
0.09436
0.1041
0.054659
0.085983
0.088248
0.12644
0.062773
0.0442
0.101
0.12918
0.067034
0.088837
0.060066
0.074479
0.1183
0.10436
0.14254
0.073778
0.14145
0.095754
0.18567
0.11296
0.16806
0.16108
0.16332
0.19047
0.19629
0.22096
0.22844
0.23926
0.25865
0.23942
0.34426
0.36241
0.3669
0.40437
0.37591
0.4552
0.42516
0.49711
0.4569
0.48253
0.55199
0.57557
0.63127
0.58754
0.6728
0.65293
0.75524
0.77873
0.73366
0.81076
0.82732
0.82776
0.86836
0.9122
0.97343
0.94164
0.98845
0.99485
1.0678
1.0605
1.0695
1.1007
1.1143
1.1086
1.1234
1.1773
1.1031
1.1801
1.1153
1.1817
1.1329
1.1588
1.2067
1.1202
1.1183
1.1811
1.1509
1.1546
1.1798
1.1619
1.1277
1.0494
1.0335
1.045
1.011
1.0625
1.0525
0.96935
0.91068
0.98696
0.87578
0.88173
0.8505
0.82024
0.86375
0.784
0.72645
0.70166
0.71665
0.69393
0.72514
0.65486
0.62441
0.6174
0.60676
0.53338
0.50006
0.55197
0.53209
0.45503
0.48849
0.45269
0.42591
0.45963
0.35597
0.35494
0.35512
0.39027
0.29572
0.29924
0.30316
0.29641
0.32552
0.24738
0.24994
0.29414
0.22944
0.23382
0.21118
0.22167
0.23337
0.28702
0.27129
0.23637
0.26023
0.17738
0.18498
0.18383
0.23451
0.16497
0.17681
0.25251
0.23952
0.19861
0.23113
0.1689
0.17974
0.19313
0.1566
0.18607
0.24481
0.2029
0.21454
0.17434
0.18514
0.15712
0.15087
0.17078
0.20633
0.21843
0.22145
0.16583
0.22466
0.14842
0.17799
0.19347
0.2126
0.18826
0.13796
0.16759
0.20698
0.15684
0.21975
0.22464
0.21368
0.22933
0.13395
0.18062
0.20663
0.19732
0.15082
0.22438
0.16529
0.20436
0.20151
0.22294
0.14584
0.22756
0.19527
0.2051
0.21225
0.14406
0.14452
0.17971
0.15775
0.15727
0.20626
0.20459
0.13831
0.13905
0.14181
0.1548
0.19907
0.14869
0.17163
0.19077
0.17012
0.21307
0.17497
0.13779
0.17061
0.18977
0.16354
0.15902
0.1572
0.17602
0.15642
0.15786
0.169
0.21686
0.19048
0.16847
0.19793
0.14799
0.14268
0.15721
0.23793
0.16252
0.16731
0.18814
0.14419
0.21828
0.19931
0.24508
0.16226
0.21932
0.20519
0.16704
0.16678
0.17123
0.20763
0.22752
0.1735
0.25365
0.21737
0.20384
0.18346
0.19012
0.18651
0.22268
0.22992
0.16699
0.26212
0.24544
0.20866
0.25927
0.18449
0.19381
0.26037
0.17921
0.22062
0.24155
0.18456
0.19831
0.20884
0.24215
0.24651
0.24389
0.24179
0.24528
0.24353
0.28819
0.27401
0.25028
0.20704
0.21226
0.22988
0.278
0.23892
0.29061
0.27347
0.2293
0.2982
0.22597
0.21277
0.27508
0.21672
0.23148
0.26064
0.22645
0.23537
0.2295
0.27161
0.2543
0.22589
0.31326
0.25661
0.3109
0.28704
0.24555
0.26876
0.28075
0.24629
0.30689
0.29526
0.33494
0.25227
0.29375
0.3268
0.32834
0.33209
0.26774
0.28132
0.32074
0.3432
0.33035
0.34298
0.26916
0.30774
0.29083
0.31688
0.32062
0.35007
0.25175
0.31277
0.29572
0.25813
0.33951
0.31458
0.27694
0.26952
0.33233
0.34023
0.26038
0.27648
0.31022
0.31239
0.28044
0.28452
0.321
0.27
0.34937
0.3307
0.34474
0.26428
0.32091
0.3276
0.27654
0.35829
0.34952
0.27594
0.32445
0.29233
0.35985
0.35617
0.26482
0.26551
0.31979
0.3159
0.26729
0.29822
0.30772
0.34087
0.3296
0.32498
0.27994
0.35844
0.28192
0.34845
0.31836
0.35055
0.33651
0.27127
0.29768
0.2946
0.29128
0.29109
0.2697
0.3081
0.27047
0.27211
0.27605
0.34495
0.25994
0.30102
0.34691
0.30355
0.33196
0.32178
0.26765
0.25256
0.31118
0.32359
0.33557
0.31011
0.23752
0.30691
0.25355
0.26577
0.3109
0.30836
0.32249
0.24498
0.30465
0.23637
0.24614
0.3153
0.31891
0.2425
0.23888
0.29388
0.26
0.28757
0.25149
0.26817
0.29
0.24747
0.28973
0.23538
0.29591
0.24488
0.2923
0.23955
0.21385
0.21282
0.22938
0.28862
0.28344
0.27197
0.21134
0.20264
0.1887
0.24257
0.2568
0.1885
0.26583
0.18577
0.27228
0.23677
0.25737
0.22901
0.25469
0.22708
0.24805
0.18765
0.185
0.22435
0.20953
0.21181
0.15567
0.24934
0.23231
0.21362
0.19992
0.19669
0.18485
0.14851
0.20467
0.14346
0.16645
0.2229
0.1382
0.17889
0.15623
0.17873
0.21592
0.20765
0.15182
0.18542
0.18374
0.13778
0.16159
0.13012
0.1496
0.19151
0.14119
0.10553
0.1179
0.16049
0.16275
0.18483
0.097945
0.10309
0.17335
0.14469
0.16708
0.1617
0.11028
0.091289
0.12536
0.13135
0.12101
0.10198
0.1578
0.15521
0.1257
0.095135
0.10768
0.11737
0.11948
0.08
0.069925
0.069167
0.1202
0.078845
0.10376
0.13284
0.11611
0.11152
0.077966
0.04961
0.11264
0.13094
0.12406
0.11571
0.036211
0.074786
0.11681
0.11655
0.030475
0.069323
0.085807
0.10743
0.059783
0.094108
0.085172
0.10979
0.081808
0.050238
0.08962
0.041665
0.068541
0.034203
0.084651
0.018026
0.00038014
0.030754
0.04357
0.018272
0.086329
0.092214
0.06714
0.040385
0.057696
0.068141
0.012329
0.046302
-0.0032015
0.033753
0.0063788
0.072019
0.067816
0.033227
0.01356
0.074886
0.0027119
0.021016
0.0064833
0.04816
0.057259
0.02338
0.045755
0.052176
-0.014727
0.045421
0.018863
0.018589
0.0161
0.031712
0.0064447
0.036845
0.0068953
0.010925
0.023845
-0.013925
-0.015241
-0.032142
0.021444
-0.0099275
-0.040426
0.015907
-0.023822
-0.014767
0.0011901
0.00251
0.033054
0.016753
0.00034147
0.02334
-0.017245
-0.051507
-0.026773
0.00063417
-0.034837
-0.031699
-0.020487
0.013061
0.0055275
0.019258
0.038416
-0.03799
0.0086256
0.036793
-0.049935
-0.010944
-0.024343
0.036198
0.002064
-0.045119
-0.024265
0.020752
-0.01687
-0.038157
-0.011695
-0.016651
-0.0047894
0.014545
0.012084
-0.047498
-0.02472
0.033672
0.048589
0.015635
-0.0040699
-0.04099
0.003717
-0.015041
0.0018136
-0.021402
0.039034
0.0045755
0.012531
0.045939
0.051377
-0.0172
0.020584
0.0066264
0.034572
-0.001096
0.019928
-0.023076
-0.018201
-0.017074
0.023197
0.011413
-0.022035
0.037898
0.050585
0.012223
-0.04323
-0.0045842
0.0007307
0.0055279
-0.030044
-0.028209
-0.017632
0.02367
0.0039336
0.055782
0.012097
0.051306
-0.00052414
-0.00054972
0.023489
0.016374
0.032359
-0.013566
0.017824
-0.0006275
0.0031268
0.033162
0.023792
0.010324
0.0050858
0.052189
0.029724
0.0019783
0.051974
-0.011917
0.044521
0.056673
-0.021407
-0.0042227
0.017385
0.032416
0.054238
0.023255
0.03135
-0.034344
0.048942
-0.013438
0.016657
0.010822
-0.014201
0.023209
-0.0021242
0.043044
0.010378
0.031975
0.025993
0.028632
0.058422
0.053722
0.024677
-0.018024
0.0056826
0.036679
0.025393
0.035429
-0.017995
0.02839
-0.016816
0.05667
0.0095034
0.057981
-0.0115
0.06415
-0.0062837
-0.021813
0.049103
0.052505
0.029242
0.049855
0.041891
-0.0014313
-0.029137
-0.024503
0.059229
0.031754
0.016446
0.055582
0.036848
0.061947
-0.014894
0.036467
0.05171
0.043056
-0.028525
0.036264
-0.024695
0.067482
0.0070284
0.024337
-0.003184
-0.015121
0.0049382
0.0092918
0.0615
0.064366
0.04714
0.0029688
0.014997
0.047041
0.059116
-0.0027729
0.0021434
0.061208
0.021485
0.012128
0.0149
0.017421
0.035394
0.016025
0.052282
0.053421
0.0086846
0.051817
0.066863
-0.0029875
0.068056
0.029409
0.0083457
0.045851
0.010546
0.051579
-0.0011526
0.020362
-0.011067
0.075501
0.054949
0.033696
0.0072238
0.040594
-0.022024
-0.001747
0.028181
0.077579
0.07205
0.077246
0.018745
0.046332
0.075758
0.023813
0.073062
0.048218
-0.0087522
-0.0041914
0.059706
0.018892
0.066577
0.05752
1.0862e-05
0.00078859
0.053005
-0.0043236
0.080183
0.034513
0.043719
0.034457
0.083361
0.06165
0.038327
0.010547
0.018206
0.075101
0.042438
0.032551
0.0067941
0.060503
-0.0018773
0.025744
0.01524
0.0071115
0.079069
0.081599
0.08518
0.083436
0.095981
0.0064984
0.026568
0.039384
0.095824
0.029817
0.065571
0.047199
0.047401
0.054881
0.079348
0.089824
0.11334
0.07125
0.1141
0.086412
0.042664
0.055882
0.051183
0.043524
0.040616
0.12878
0.09957
0.092344
0.11968
0.054489
0.062118
0.099811
0.11624
0.13002
0.091829
0.052303
0.11852
0.053999
0.083232
0.09222
0.06322
0.075251
0.10285
0.064786
0.087638
0.16045
0.078317
0.14324
0.15127
0.12658
0.16229
0.15743
0.13032
0.10044
0.12992
0.14763
0.16095
0.085052
0.094893
0.14478
0.18223
0.12396
0.097196
0.11393
0.15932
0.13108
0.13586
0.17383
0.13429
0.19264
0.13643
0.14594
0.10591
0.1627
0.15189
0.19497
0.1471
0.1641
0.13095
0.18693
0.1892
0.10625
0.12762
0.13232
0.13847
0.15834
0.11365
0.11567
0.11533
0.15263
0.14605
0.16331
0.1908
0.15181
0.092974
0.14695
0.18531
0.11524
0.15969
0.10754
0.12466
0.17015
0.1474
0.11299
0.16553
0.15107
0.1179
0.075582
0.10561
0.15281
0.074958
0.15359
0.11761
0.10648
0.13446
0.14323
0.091529
0.066659
0.065035
0.085376
0.096579
0.05419
0.09404
0.069413
0.11891
0.13026
0.056711
0.1403
0.04723
0.13532
0.098155
0.064926
0.05409
0.057771
0.061916
0.11724
0.12538
0.038916
0.068852
0.078269
0.041303
0.08855
0.065103
0.10828
0.12116
0.098995
0.056988
0.11804
0.093534
0.028003
0.11392
0.042184
0.028555
0.10235
0.082099
0.018709
0.10014
0.078936
0.029214
0.078209
0.030512
0.084144
0.092174
0.11062
0.019564
0.058495
0.057624
0.035516
0.070547
0.053945
0.025672
0.046055
0.019988
0.047903
0.098288
0.057855
0.044692
0.023957
0.064741
0.021087
0.065283
0.041552
0.048895
0.062067
0.039141
0.036602
0.044089
0.08928
0.080846
0.10141
0.04123
0.11493
0.081094
0.086373
0.056034
0.097172
0.10879
0.065145
0.038983
0.052977
0.067118
0.030208
0.078396
0.10942
0.12977
0.042716
0.080361
0.048326
0.055294
0.084287
0.12387
0.12417
0.10666
0.10911
0.101
0.071411
0.13363
0.11382
0.13769
0.062603
0.070345
0.086717
0.13768
0.13709
0.12275
0.1788
0.15968
0.19813
0.15252
0.13301
0.24298
0.23136
0.19124
0.24054
0.23017
0.2574
0.2655
0.28274
0.31617
0.33798
0.38494
0.3408
0.3755
0.44927
0.422
0.45213
0.47317
0.56629
0.58207
0.55001
0.57761
0.6107
0.64919
0.65685
0.75154
0.77962
0.76767
0.80691
0.84383
0.83461
0.86319
0.97139
0.95327
0.95968
1.0076
1.0705
1.0294
1.043
1.1121
1.0623
1.1017
1.1897
1.1617
1.1677
1.2054
1.1788
1.2069
1.194
1.2356
1.1965
1.2365
1.1566
1.2282
1.2222
1.2013
1.1755
1.1463
1.1388
1.1322
1.0697
1.0959
1.0953
1.0406
1.0205
1.0647
1.0175
0.99671
1.0011
0.89683
0.90675
0.85999
0.82399
0.84298
0.77046
0.81358
0.79046
0.74581
0.75965
0.65415
0.63708
0.6968
0.66624
0.55617
0.62939
0.58254
0.57943
0.51551
0.55533
0.46614
0.52102
0.45008
0.44052
0.39751
0.38353
0.4362
0.36886
0.42826
0.3543
0.35762
0.30594
0.38558
0.36651
0.33286
0.28707
0.31236
0.3295
0.34401
0.27366
0.24805
0.31077
0.29712
0.32135
0.25201
0.264
0.31051
0.28566
0.24568
0.27806
0.21887
0.27697
0.29006
0.21367
0.2961
0.25878
0.2944
0.2397
0.21064
0.2058
0.23211
0.2228
0.20973
0.2034
0.27633
0.23183
0.25468
0.24072
0.2734
0.2764
0.2873
0.23568
0.24399
0.23738
0.27607
0.22497
0.23357
0.28584
0.2782
0.21357
0.24428
0.28746
0.22279
0.22561
0.2777
0.24599
0.22151
0.24171
0.27423
0.25417
0.26189
0.22221
0.19183
0.23831
0.25494
0.20218
0.28171
0.21772
0.24647
0.28059
0.23686
0.18528
0.2624
0.20928
0.22268
0.27222
0.26655
0.28338
0.27563
0.23029
0.19435
0.22721
0.18954
0.24909
0.27016
0.22918
0.24397
0.22966
0.20857
0.19709
0.24445
0.19299
0.20575
0.24078
0.18969
0.1929
0.28846
0.21868
0.27611
0.25124
0.25927
0.22853
0.24958
0.25681
0.27379
0.19823
0.22268
0.28292
0.24156
0.281
0.28274
0.27751
0.30219
0.25095
0.22321
0.27394
0.21769
0.24409
0.29292
0.30755
0.25358
0.2629
0.27917
0.24027
0.30441
0.26922
0.30644
0.31491
0.2351
0.26241
0.28084
0.28621
0.23847
0.29539
0.2696
0.30036
0.24884
0.28728
0.24844
0.30989
0.2746
0.25441
0.29765
0.29157
0.28022
0.29374
0.3306
0.25552
0.31116
0.28584
0.31354
0.3109
0.33983
0.26063
0.25894
0.33516
0.28129
0.29928
0.34802
0.32345
0.33296
0.28086
0.35571
0.33462
0.2792
0.26894
0.29677
0.28541
0.28678
0.27248
0.31479
0.30406
0.34631
0.31287
0.34388
0.27888
0.31093
0.35434
0.30206
0.28955
0.3147
0.31036
0.36588
0.29685
0.32365
0.35975
0.38018
0.37731
0.33984
0.36757
0.38407
0.3663
0.35742
0.32586
0.32799
0.30948
0.37851
0.37855
0.31331
0.37517
0.36805
0.32465
0.36741
0.36682
0.36494
0.33289
0.32571
0.38986
0.38457
0.33384
0.38606
0.34437
0.38303
0.38735
0.33835
0.31851
0.36743
0.33516
0.38303
0.32437
0.32941
0.36475
0.3132
0.36294
0.34965
0.32359
0.3357
0.36393
0.38496
0.381
0.37515
0.31982
0.34447
0.30633
0.35604
0.36628
0.31347
0.36648
0.36592
0.31867
0.34538
0.33555
0.35496
0.31318
0.37217
0.29871
0.30897
0.35701
0.34646
0.35108
0.32242
0.33323
0.37438
0.33594
0.32773
0.31964
0.32681
0.3364
0.31171
0.32123
0.34231
0.3384
0.3181
0.30609
0.30807
0.30713
0.35079
0.32084
0.35286
0.2831
0.34788
0.33853
0.32649
0.3373
0.30242
0.28171
0.25603
0.27872
0.32482
0.31367
0.28143
0.30413
0.24295
0.26414
0.23958
0.26789
0.32438
0.31991
0.31296
0.25119
0.23878
0.26625
0.29667
0.26181
0.27808
0.23408
0.29793
0.27253
0.29515
0.30077
0.23635
0.2277
0.2102
0.21697
0.22717
0.21593
0.23524
0.28593
0.20547
0.21051
0.2633
0.242
0.19371
0.23222
0.27435
0.24539
0.26702
0.24676
0.23981
0.18728
0.26773
0.25016
0.21173
0.24986
0.24861
0.20709
0.20538
0.24131
0.16145
0.16115
0.23142
0.23474
0.2176
0.21517
0.22649
0.22637
0.15401
0.17484
0.16432
0.15706
0.14781
0.1996
0.13959
0.16821
0.19422
0.12941
0.14445
0.19928
0.12045
0.20739
0.16531
0.20299
0.17728
0.17604
0.12913
0.12878
0.15798
0.1728
0.17271
0.15643
0.16777
0.10153
0.1378
0.1607
0.15085
0.17508
0.13982
0.090239
0.11374
0.16601
0.089969
0.080162
0.10331
0.08051
0.066699
0.085395
0.09744
0.072213
0.1526
0.11142
0.14187
0.13929
0.089809
0.084198
0.085599
0.12044
0.055768
0.11424
0.10412
0.096611
0.041788
0.067707
0.052647
0.067538
0.059806
0.051914
0.099846
0.11471
0.11508
0.066837
0.032013
0.051161
0.075445
0.079125
0.081985
0.11566
0.026167
0.10016
0.031999
0.016712
0.039068
0.08354
0.053098
0.023461
0.087272
0.032335
0.034094
0.014451
0.046103
0.025914
0.086679
0.0078678
0.017373
0.012233
0.037006
0.013587
0.065876
0.013966
0.063142
0.049885
0.057526
0.022571
0.042428
0.081646
0.04156
0.055415
0.066427
0.023445
0.0023006
0.030826
0.023174
0.057428
0.021284
0.046299
0.019094
0.0049165
0.042362
0.0584
0.058693
-0.012993
-0.0010105
0.016293
0.047714
0.010109
-0.010559
0.04466
0.049379
-0.0047289
0.050852
0.0080345
-0.01632
0.0096794
-0.012378
-0.0073588
0.033384
0.035656
0.057065
-0.00020993
-0.013615
0.039841
0.0039896
0.075226
0.063633
0.03196
-0.0071003
-0.010795
0.068522
0.021654
-0.015359
0.073295
0.074958
0.02262
-0.020761
0.076582
0.065079
0.0094608
0.056145
0.048802
0.075753
0.0052491
0.015634
0.0063532
0.025051
0.019068
0.0069921
-0.013903
0.069898
0.0051997
0.0072748
0.012257
-0.020349
0.037593
0.075307
0.051919
-0.0094388
0.07674
0.034242
0.0061594
0.014051
0.023586
0.011452
0.0451
0.03444
0.034211
0.044387
0.013813
0.074294
0.051036
0.037173
0.011807
0.014304
0.02041
0.066527
0.021919
0.049404
-0.0037093
0.05186
0.019261
-0.012669
-0.00050872
0.0020792
0.021701
0.029619
0.046947
0.017836
-0.01205
0.073201
0.057784
-0.0039531
0.037064
0.06442
0.00031613
0.059296
0.063139
-0.0029698
0.0083099
0.046401
0.036559
0.079011
0.074229
0.067175
-0.0035223
0.034425
0.027973
0.0021343
0.051577
0.038342
0.048189
0.062374
0.074527
0.04936
-0.011008
0.015214
-4.3721e-05
0.063677
-0.016141
-0.0030263
0.035271
0.03577
-0.013478
0.059089
0.074571
0.0015521
0.0054969
0.073545
0.010278
0.035079
-0.013924
0.068915
0.027743
-0.00068266
0.062169
0.0035722
0.046804
0.022859
0.058116
-0.013253
0.040307
0.045274
0.030468
0.031308
0.06238
0.030102
0.060026
0.032428
0.056224
-0.0066616
0.056445
0.038934
0.024886
0.060261
0.030772
0.078915
0.066274
-0.011215
0.012144
0.064569
0.04829
0.084129
0.008325
0.053003
0.062251
0.021393
0.055098
0.02511
-0.0046308
0.056834
0.046005
-0.010273
0.060214
0.02271
-0.0078022
0.0057312
0.050208
0.081431
0.04418
0.0022462
0.036155
-0.0038263
-0.0028991
0.087363
0.055675
0.065196
-0.0080121
0.051509
0.0056517
0.057704
0.061736
-0.0058137
0.088443
0.010023
0.030796
-0.0090711
0.056528
0.076833
0.065171
-0.00099673
0.055105
0.062746
0.044462
0.016587
0.057182
-0.0012517
0.028622
0.044579
0.058984
0.031351
0.072759
0.022382
0.03488
0.020832
0.036787
0.088275
0.056091
0.060517
0.0077413
0.072082
0.082915
0.053428
0.086727
0.017594
0.097132
0.022591
0.10232
0.014077
0.094178
0.062402
0.093278
0.012534
0.039067
0.04795
0.021335
0.035933
0.017012
0.087176
0.038029
0.077499
0.09132
0.11129
0.073472
0.11295
0.10356
0.073563
0.11559
0.095314
0.10446
0.12046
0.049069
0.054517
0.1009
0.049168
0.079952
0.13477
0.10247
0.10552
0.09419
0.11351
0.07274
0.088335
0.13373
0.058444
0.076229
0.062313
0.084993
0.14513
0.067825
0.15746
0.13486
0.10073
0.081662
0.1579
0.094483
0.15989
0.17663
0.15698
0.099846
0.13419
0.16088
0.12117
0.126
0.11175
0.12116
0.096686
0.11465
0.11639
0.091858
0.1617
0.10717
0.14406
0.10295
0.10047
0.11245
0.11162
0.12473
0.14893
0.13318
0.19496
0.12055
0.18417
0.16614
0.12795
0.13187
0.10595
0.15349
0.112
0.16627
0.15601
0.17686
0.1461
0.11192
0.16923
0.13076
0.17682
0.12908
0.16501
0.16359
0.10705
0.12598
0.13399
0.15477
0.16273
0.081748
0.14641
0.11515
0.11766
0.14494
0.10924
0.1537
0.10399
0.12046
0.13961
0.078991
0.16122
0.14208
0.12682
0.069014
0.15171
0.10137
0.07859
0.10671
0.10902
0.076357
0.098595
0.074502
0.061702
0.08973
0.12483
0.097458
0.11399
0.12655
0.10293
0.059043
0.11719
0.044668
0.076043
0.12694
0.085155
0.048156
0.056385
0.11111
0.082948
0.10955
0.047017
0.027884
0.045516
0.020406
0.083418
0.09836
0.032115
0.065585
0.020477
0.059754
0.098421
0.047822
0.048994
0.07697
0.093257
0.10212
0.019637
0.061365
0.054074
0.066821
0.063227
0.02679
0.096226
0.084409
0.084808
0.065896
0.031184
0.044322
0.013846
0.10378
0.034534
0.10022
0.048792
0.063721
0.023363
0.094706
0.019298
0.041362
0.062199
0.065999
0.043966
0.028006
0.020567
0.067573
0.024504
0.038847
0.11582
0.11455
0.084768
0.082635
0.078704
0.072822
0.10005
0.047745
0.042941
0.05278
0.034781
0.032998
0.12025
0.060311
0.10462
0.085051
0.080419
0.091192
0.093615
0.062353
0.063235
0.073396
0.087291
0.063788
0.075377
0.064331
0.070973
0.06134
0.11779
0.089042
0.14185
0.13806
0.14478
0.12394
0.17527
0.11828
0.21486
0.23437
0.24545
0.19133
0.27045
0.28231
0.28375
0.32912
0.34385
0.27384
0.36885
0.31994
0.4293
0.44971
0.47738
0.51134
0.45916
0.50323
0.58475
0.62098
0.64612
0.59151
0.67541
0.73164
0.70338
0.71426
0.74028
0.77347
0.81904
0.87192
0.91484
0.86565
0.93393
0.91702
1.018
0.96336
1.0525
1.0458
1.0333
1.1181
1.1085
1.1039
1.1129
1.0873
1.18
1.1074
1.1499
1.1246
1.1633
1.1204
1.1719
1.1199
1.0856
1.1315
1.1611
1.0843
1.1176
1.0924
1.096
1.0269
0.99586
1.0124
1.0166
0.96032
0.95662
0.89446
0.8603
0.89215
0.88666
0.87423
0.80962
0.79564
0.77731
0.76271
0.69352
0.64183
0.64322
0.61962
0.63935
0.55116
0.52405
0.52991
0.55739
0.54303
0.48072
0.43548
0.46088
0.46065
0.40125
0.37238
0.42324
0.34678
0.41142
0.36899
0.36475
0.29415
0.35742
0.3051
0.35199
0.31108
0.32436
0.24443
0.30356
0.29433
0.24326
0.29102
0.21259
0.24019
0.27526
0.28153
0.22573
0.19629
0.21
0.20817
0.24766
0.19905
0.22428
0.25163
0.22101
0.17698
0.16569
0.21003
0.16343
0.18689
0.17348
0.17232
0.25207
0.16678
0.24195
0.2533
0.15799
0.18841
0.22068
0.22042
0.22961
0.24123
0.15257
0.18396
0.21892
0.17298
0.15275
0.18787
0.21455
0.17101
0.20445
0.19539
0.20044
0.21845
0.2262
0.18012
0.21577
0.14707
0.2431
0.17554
0.19161
0.14785
0.22785
0.14833
0.14444
0.17484
0.14746
0.15206
0.21682
0.20006
0.22579
0.18385
0.23636
0.23151
0.21434
0.15795
0.1911
0.22109
0.15739
0.22013
0.19168
0.18757
0.18475
0.1418
0.17231
0.1771
0.22504
0.14601
0.15498
0.14312
0.1723
0.19402
0.19559
0.24035
0.16818
0.20193
0.22601
0.1869
0.23369
0.22901
0.22386
0.24549
0.23874
0.18407
0.24296
0.18423
0.18519
0.24494
0.18543
0.1969
0.1823
0.16031
0.2007
0.2258
0.20441
0.16152
0.25552
0.1874
0.24264
0.25449
0.16971
0.25092
0.20733
0.24742
0.23856
0.2635
0.22895
0.20381
0.20879
0.1811
0.18614
0.22643
0.218
0.26527
0.2115
0.23357
0.24153
0.23979
0.2638
0.23836
0.22923
0.21334
0.21456
0.26898
0.23277
0.28263
0.28459
0.23979
0.19989
0.24741
0.23884
0.2057
0.29257
0.26444
0.21443
0.2563
0.24115
0.22949
0.24561
0.27921
0.22725
0.26488
0.21481
0.29967
0.24114
0.24088
0.28842
0.28895
0.26781
0.26694
0.2822
0.2306
0.30374
0.25523
0.26662
0.28738
0.28495
0.29449
0.24356
0.25661
0.29296
0.23857
0.32694
0.27547
0.28197
0.30301
0.31895
0.29846
0.25531
0.26576
0.29878
0.27609
0.27254
0.29193
0.34113
0.33507
0.33265
0.28405
0.30532
0.27426
0.31343
0.2512
0.31912
0.33904
0.34807
0.32591
0.28296
0.32126
0.27978
0.27012
0.26535
0.25885
0.25362
0.3359
0.25545
0.29067
0.33737
0.33408
0.30658
0.292
0.27725
0.2599
0.30575
0.25491
0.31892
0.30846
0.27778
0.26469
0.26685
0.34648
0.35094
0.32751
0.29962
0.32241
0.32696
0.33912
0.33559
0.2634
0.26209
0.31361
0.24862
0.27388
0.28311
0.30275
0.25255
0.29642
0.34197
0.24857
0.24236
0.33702
0.24574
0.28568
0.3089
0.29829
0.32383
0.26779
0.24185
0.25651
0.2879
0.29176
0.25972
0.27959
0.31502
0.32462
0.32229
0.27771
0.2853
0.22565
0.23443
0.249
0.23505
0.23892
0.2329
0.29598
0.2185
0.23953
0.28462
0.27036
0.27606
0.23188
0.24962
0.29639
0.23841
0.21745
0.25098
0.25465
0.20209
0.28164
0.21216
0.28572
0.20026
0.28073
0.22857
0.24726
0.23604
0.21287
0.18614
0.24581
0.27349
0.27106
0.21148
0.21911
0.26109
0.21781
0.20398
0.17982
0.1813
0.19217
0.24811
0.21949
0.23982
0.18628
0.18118
0.23171
0.16889
0.22645
0.14382
0.18615
0.20382
0.21695
0.17965
0.16295
0.22772
0.17196
0.20899
0.22041
0.21433
0.16119
0.20888
0.1773
0.1559
0.18581
0.19695
0.20545
0.18034
0.16921
0.1328
0.10348
0.14565
0.15107
0.13862
0.14362
0.1807
0.098661
0.15513
0.10085
0.093711
0.14637
0.091299
0.11939
0.087312
0.072528
0.098389
0.16154
0.10004
0.15249
0.11557
0.0636
0.094383
0.079722
0.090065
0.090482
0.1362
0.078738
0.11725
0.12799
0.072831
0.045973
0.082248
0.077879
0.05965
0.034799
0.044327
0.11131
0.044974
0.12417
0.059758
0.059466
0.034758
0.073799
0.10377
0.050202
0.10154
0.020415
0.068772
0.082898
0.011634
0.066512
0.023328
0.081448
0.025787
0.10016
0.029238
0.035464
0.02576
0.067895
-0.0045975
0.022835
0.070543
0.057343
0.0094282
-0.010681
-0.0091318
-0.0067232
0.058244
0.069891
0.034967
0.060837
-0.0044497
0.060929
0.069554
0.059311
0.018705
0.067647
-0.028797
0.044687
-0.0050953
-0.019022
0.0057945
0.024561
0.0087724
0.043234
-0.037817
-0.01084
-0.014447
0.015287
0.040235
0.0039864
0.042904
0.013821
0.042783
-0.023543
0.0055138
0.046228
0.020026
-0.0083793
0.016291
0.0036278
-0.024999
0.029204
-0.00092126
-0.019949
-0.038836
-0.030186
0.010368
-0.046479
0.0043967
-0.034021
-0.03199
0.040192
-0.045453
0.040268
-0.036377
-0.0043375
0.03863
0.035519
0.014969
-0.033067
-0.033095
0.026398
-0.022229
-0.018323
-0.013192
0.0010465
-0.0050704
-0.020967
0.026019
-0.024547
-0.046375
-0.0047314
0.030044
-0.010882
0.011836
0.038969
0.014646
-0.012193
0.036023
-0.040362
0.015778
0.0049706
0.032467
-0.041452
-0.031318
-0.011283
0.014486
-0.048448
-0.042836
-0.03998
0.0012076
-0.0031565
-0.014213
0.033174
0.033434
0.040348
0.011226
-0.052636
0.0041298
-0.017716
0.0069428
-0.030899
0.0083772
0.032333
0.0024172
0.034677
0.027328
-0.04584
-0.048211
0.027773
0.042412
0.044035
-0.012065
-0.012024
-0.016277
0.04297
0.0037066
0.016772
0.039364
-0.0024283
0.0052094
-0.015859
0.041199
-0.017051
0.0087083
-0.032855
-0.042548
-0.04479
0.037798
-0.0069676
0.041683
-0.043388
0.049376
-0.017072
-0.023323
0.032064
-0.031668
0.042676
0.032335
0.050928
0.024408
-0.017562
0.044553
-0.023269
0.018813
-0.029232
0.017151
-0.04694
0.014934
-0.046333
0.037624
0.034888
0.051972
0.035033
0.050012
0.008709
0.0064215
-0.040997
-0.0010234
0.013397
-0.028209
0.011932
0.033912
-0.001921
-0.021079
0.022149
0.046131
0.0067516
0.0027675
-0.0073514
0.010302
-0.032265
0.0089996
0.0038884
-0.032703
0.022244
0.03229
0.046959
-0.0081825
-0.035613
-0.00254
0.055339
0.013778
0.029006
0.010979
-0.036541
0.052517
-0.0073649
-0.026907
0.019807
-0.03142
0.0083784
0.014355
0.0037197
-0.017403
0.005814
0.043997
0.015165
0.02522
-0.021294
0.039777
0.021518
-0.031279
0.022429
-0.0029405
-0.016973
0.0093647
0.051595
-0.010388
0.048687
0.0081529
0.031752
0.053712
-0.023105
0.052884
-0.013388
0.013737
-0.0098449
-0.029404
-0.018029
0.052778
0.040223
0.0058634
0.0020239
0.043098
-0.0093283
-0.034724
0.041764
-0.024155
-0.0049256
0.048922
0.056775
-0.022052
0.060644
-0.023042
0.034167
0.044403
0.02102
-0.00020054
0.037165
0.00083903
-0.030084
0.02278
-0.019242
0.006151
0.014287
-0.0097945
0.027808
0.041311
0.0031383
0.042113
0.027617
-0.0094822
0.02305
0.020002
-0.018416
0.063416
0.041923
-0.0052701
0.042494
0.048843
0.0011601
0.059558
0.071078
0.030557
0.042397
0.073705
0.029589
0.020299
0.049565
0.067453
0.048195
0.044026
0.022506
-0.011211
0.064404
0.046378
0.05956
0.036347
0.060278
0.050363
0.035751
0.060595
0.010326
0.019871
0.019478
0.089991
0.067636
0.06139
0.023751
0.098651
0.025424
0.08646
0.018131
0.066442
0.10781
0.024339
0.060765
0.083211
0.072041
0.079748
0.034768
0.098713
0.075909
0.08071
0.11662
0.12215
0.045211
0.044758
0.11257
0.037212
0.13018
0.10055
0.10731
0.062455
0.13772
0.092285
0.09607
0.13928
0.049021
0.082165
0.081857
0.054667
0.14348
0.13523
0.14644
0.11707
0.089724
0.064441
0.12833
0.10639
0.10893
0.15557
0.11973
0.082477
0.11602
0.12517
0.072534
0.14947
0.13134
0.14753
0.13972
0.12706
0.078775
0.085008
0.083383
0.11051
0.14303
0.163
0.096989
0.13412
0.16014
0.11909
0.10766
0.15556
0.10031
0.16373
0.1142
0.094741
0.086768
0.1392
0.11188
0.10293
0.1307
0.10673
0.10117
0.12957
0.13107
0.083839
0.082213
0.095298
0.16065
0.075384
0.12541
0.092344
0.10974
0.1332
0.13614
0.10714
0.11207
0.11852
0.10951
0.06023
0.045753
0.056226
0.11087
0.12344
0.13649
0.088532
0.13485
0.12117
0.037514
0.046314
0.091682
0.11479
0.047928
0.10846
0.086816
0.037424
0.073178
0.10746
0.10369
0.063612
0.087702
0.01962
0.10692
0.09608
0.042471
0.012233
0.03487
0.095047
0.097657
0.078298
0.011661
0.069657
0.022688
0.016183
0.038868
0.03773
0.034653
0.020719
0.075473
0.081674
0.04436
0.095609
0.030341
-0.0029009
0.04484
0.030121
0.0030512
0.05939
0.065013
0.019957
0.023853
0.046326
0.070092
0.053798
0.065285
0.01535
0.038388
0.043918
-0.0026848
0.042699
0.085295
0.039249
0.05466
0.051633
0.0060325
0.080291
0.061033
0.033646
0.057727
0.022838
0.02889
0.036291
0.090951
0.037085
0.097546
0.085166
0.020771
0.07231
0.038868
0.064308
0.056214
0.069045
0.053983
0.078486
0.094511
0.017019
0.10084
0.1037
0.065765
0.074886
0.038267
0.040926
0.048757
0.071615
0.043904
0.11475
0.071113
0.11313
0.050108
0.083059
0.1002
0.065525
0.11768
0.11964
0.087907
0.12221
0.089852
0.11177
0.12797
0.14744
0.11762
0.16087
0.21566
0.22907
0.24772
0.267
0.28253
0.30203
0.23764
0.30832
0.30563
0.28633
0.36944
0.40295
0.35402
0.40993
0.41605
0.46767
0.4661
0.49246
0.5584
0.58666
0.61364
0.64164
0.65022
0.69142
0.69479
0.72103
0.7456
0.83491
0.8875
0.87862
0.94514
0.93924
0.99656
0.93479
1.0113
1.0124
1.0096
1.0468
1.0906
1.0592
1.0722
1.1506
1.103
1.1067
1.1009
1.1002
1.181
1.1389
1.1136
1.1716
1.083
1.1347
1.1023
1.1164
1.0964
1.0685
1.0379
1.0353
1.0185
0.99729
0.99237
1.0129
0.95098
0.89949
0.88025
0.89951
0.89704
0.86349
0.80133
0.7665
0.79161
0.74708
0.69722
0.68698
0.66332
0.63075
0.628
0.55993
0.59355
0.53364
0.52808
0.54283
0.51731
0.45455
0.42945
0.40573
0.37527
0.43167
0.37704
0.40474
0.3551
0.391
0.31357
0.30539
0.35631
0.2629
0.27916
0.32853
0.30637
0.29531
0.23566
0.28104
0.24781
0.25239
0.2353
0.22558
0.28791
0.2706
0.27427
0.25237
0.20571
0.17438
0.25755
0.17051
0.22281
0.24432
0.19242
0.16183
0.18472
0.19581
0.18365
0.23038
0.23715
0.21762
0.25255
0.20211
0.22541
0.1815
0.15601
0.2054
0.20303
0.19808
0.2328
0.19314
0.23492
0.15095
0.18036
0.23471
0.23566
0.19578
0.2358
0.23934
0.16158
0.18457
0.18231
0.22312
0.22455
0.1673
0.18825
0.20392
0.20754
0.14423
0.13977
0.19904
0.22392
0.1519
0.1734
0.2124
0.17886
0.22767
0.14053
0.17878
0.21686
0.2128
0.18449
0.22395
0.22575
0.18401
0.18669
0.23048
0.15042
0.16427
0.23563
0.14141
0.19653
0.15114
0.23777
0.15965
0.15955
0.13911
0.19252
0.21047
0.15559
0.17731
0.22394
0.19763
0.16998
0.18286
0.17691
0.2194
0.1727
0.21265
0.20266
0.22232
0.15807
0.20306
0.19012
0.24633
0.16515
0.19515
0.22217
0.18728
0.21118
0.2317
0.18179
0.18327
0.25239
0.25633
0.23027
0.21141
0.25457
0.25214
0.1853
0.17362
0.18316
0.20579
0.21126
0.20497
0.22317
0.26098
0.22807
0.20277
0.26623
0.20868
0.23191
0.23365
0.2525
0.2784
0.26013
0.27054
0.21461
0.25783
0.22472
0.18961
0.27697
0.22908
0.2698
0.25364
0.29217
0.26647
0.20341
0.25756
0.24331
0.22402
0.2867
0.23868
0.22184
0.27735
0.25233
0.22175
0.27911
0.27176
0.2184
0.21836
0.29496
0.24958
0.26146
0.29544
0.27143
0.23929
0.31568
0.31072
0.27827
0.32603
0.29184
0.24137
0.28909
0.29188
0.26399
0.2912
0.30861
0.29911
0.31905
0.28692
0.31248
0.31197
0.24692
0.29919
0.26849
0.32151
0.27161
0.30057
0.27362
0.25694
0.32457
0.2576
0.27561
0.3117
0.33673
0.25482
0.31472
0.25345
0.32946
0.33633
0.26742
0.30821
0.32157
0.31376
0.2645
0.30387
0.325
0.2662
0.26742
0.32302
0.25873
0.29891
0.32167
0.32773
0.35596
0.34594
0.31642
0.26219
0.27131
0.34975
0.30891
0.26786
0.26029
0.34187
0.32439
0.34924
0.33973
0.32751
0.33213
0.30565
0.32044
0.28842
0.34247
0.26247
0.32405
0.26627
0.34671
0.31972
0.29561
0.32166
0.2907
0.31151
0.2513
0.25822
0.3149
0.33867
0.26296
0.28194
0.31759
0.27236
0.33457
0.33599
0.33163
0.26237
0.33193
0.30718
0.27554
0.23936
0.24524
0.26008
0.30676
0.27948
0.26842
0.29599
0.26631
0.32669
0.29213
0.24204
0.24786
0.27949
0.24966
0.29784
0.28807
0.28241
0.27407
0.22982
0.22575
0.23822
0.2177
0.29639
0.20986
0.25303
0.25856
0.27061
0.21532
0.20788
0.27067
0.25962
0.23163
0.22811
0.20319
0.28251
0.19893
0.22008
0.26938
0.27917
0.25196
0.26621
0.24417
0.21063
0.22826
0.21202
0.17844
0.20702
0.23163
0.18201
0.24377
0.25582
0.21869
0.22633
0.21947
0.22074
0.23977
0.19807
0.15273
0.22525
0.16988
0.19601
0.18331
0.19907
0.20859
0.19257
0.18643
0.17843
0.22292
0.15845
0.16465
0.14923
0.13956
0.19909
0.12687
0.19202
0.12197
0.15662
0.20253
0.17021
0.11867
0.18143
0.1665
0.17098
0.11408
0.18057
0.17216
0.18919
0.12051
0.10137
0.16773
0.11588
0.1584
0.16659
0.08007
0.16326
0.11718
0.13733
0.12347
0.092046
0.081137
0.10649
0.10732
0.065361
0.11759
0.11566
0.060853
0.072093
0.079815
0.0524
0.11271
0.098581
0.10471
0.081914
0.0728
0.048848
0.098773
0.090569
0.085075
0.099333
0.11797
0.071833
0.042132
0.067408
0.097385
0.1139
0.065774
0.067064
0.040794
0.068262
0.095208
0.015875
0.060883
0.034103
0.052257
0.08088
0.052105
0.1026
0.016677
0.033434
0.057794
0.071802
0.044822
0.083667
0.040704
0.066537
0.088098
0.01475
0.069092
0.026306
0.041778
0.081659
0.043531
0.086656
0.021984
0.012422
0.057695
0.041138
0.0049075
0.0042868
-0.015543
0.042795
0.042695
0.033511
0.057497
0.063191
0.020862
-0.012838
0.045362
0.064734
0.012904
0.011204
0.0012887
-0.00535
-0.030202
-0.024084
0.061911
0.020314
-0.0011791
-0.038329
0.055156
0.058485
0.029943
0.011888
0.029941
0.029524
0.045687
0.054069
-0.0054231
0.053254
-0.035167
-0.01717
0.043493
0.015376
0.045844
0.026959
0.0023971
-0.032448
0.008427
0.029462
-0.02692
0.039189
0.037932
-0.013874
0.0035581
0.031498
-0.033462
0.022002
0.025283
0.055774
0.0041158
-0.017977
0.032067
0.013283
-0.0081044
0.050858
-0.015807
-0.0089538
-0.023508
0.022822
0.014738
0.046403
-0.037262
0.059724
-0.015612
0.058254
-0.030884
0.041497
-0.027061
0.0077306
0.019938
0.0094289
-0.00053468
-0.01726
0.041041
0.017131
-0.023149
-0.014891
0.027233
-0.0093967
0.021369
0.040833
0.041585
0.061358
-0.017467
-0.03268
-0.033066
0.0033931
0.0058345
0.012954
0.039581
0.060805
0.031607
0.024541
-0.031943
0.060386
0.014487
0.0033312
0.064953
-0.026756
0.025391
0.0075452
-0.0030034
0.0053074
0.039921
-0.018388
0.013133
0.013498
-0.021084
-0.020822
-0.027102
0.043447
-0.012162
0.0202
-0.0060826
-0.0064419
-0.020001
0.026291
0.043898
0.060308
0.034963
0.041589
0.024624
0.023024
-0.014032
-0.0050316
0.0066158
0.028782
0.045313
0.00047854
-0.012753
0.052737
0.014559
0.050212
0.060736
0.068398
0.025845
0.025056
-0.0048034
-0.0072344
-0.0072335
0.0082821
0.064907
-0.017389
-0.0008835
-0.024847
0.021794
0.017542
0.014794
0.0096672
0.010297
0.053179
0.020216
0.045424
0.019625
0.032562
0.043131
-0.00080746
-0.0059208
0.025484
0.015468
0.067887
0.036548
0.04
0.054124
0.075776
0.050571
0.044831
0.03967
-0.0018806
0.010965
0.011942
0.0082133
0.066571
0.063887
-0.0037707
0.034102
0.030313
0.052348
0.015528
0.061628
-0.015623
-0.016637
0.028311
0.058618
0.031303
0.049822
0.01261
0.014295
-0.014051
0.065408
0.0742
0.026622
-0.011618
0.04293
0.032818
0.023402
0.006251
0.0090172
0.0024654
0.061474
0.0022255
0.011138
0.059854
0.033892
-0.012198
0.012747
0.030503
0.026048
0.052291
0.037505
0.067853
0.01851
0.0078766
-0.0056895
0.060752
0.0067268
0.012527
0.065421
0.052394
0.026677
0.040341
0.049898
0.085497
0.0049196
0.040967
0.032758
0.028471
0.01695
0.080504
0.017853
0.0086284
0.05154
0.021366
0.018873
0.0016374
0.035566
0.014078
0.090225
0.024101
0.081976
0.09373
0.084615
0.083807
0.024407
0.039007
0.092811
0.022419
0.091748
0.030691
0.0121
0.095589
0.10653
0.070526
0.052194
0.10738
0.10285
0.079791
0.073404
0.018478
0.077305
0.039629
0.074385
0.087987
0.045356
0.024764
0.096298
0.12507
0.063557
0.10851
0.066939
0.047156
0.087616
0.066186
0.052738
0.056356
0.072948
0.053572
0.073555
0.12673
0.14083
0.089258
0.1425
0.10484
0.090402
0.10145
0.11494
0.14696
0.15862
0.062832
0.12578
0.14922
0.16652
0.16316
0.12277
0.073678
0.09127
0.15321
0.090315
0.17623
0.093189
0.1329
0.10843
0.14392
0.18242
0.12299
0.12678
0.17156
0.096215
0.098691
0.12304
0.1295
0.12528
0.15656
0.18037
0.11581
0.16078
0.19253
0.17559
0.12081
0.16959
0.17401
0.12722
0.19284
0.1328
0.12787
0.13078
0.17568
0.12801
0.13542
0.11918
0.19441
0.16972
0.14359
0.1044
0.1187
0.10586
0.18131
0.11101
0.15544
0.18847
0.13824
0.18861
0.12224
0.18114
0.094
0.17265
0.15373
0.14269
0.16843
0.1532
0.10436
0.17556
0.097865
0.084311
0.099005
0.07898
0.12573
0.084523
0.15415
0.068708
0.083426
0.15284
0.10388
0.084437
0.10275
0.081914
0.13201
0.1532
0.081611
0.14992
0.080732
0.13604
0.096607
0.13249
0.048813
0.0494
0.06951
0.10198
0.10525
0.096687
0.062875
0.040774
0.10814
0.13319
0.1304
0.040812
0.060477
0.036286
0.092127
0.040622
0.074661
0.037695
0.12518
0.080959
0.1264
0.078861
0.066451
0.081307
0.043981
0.10326
0.061327
0.10457
0.10754
0.11033
0.070812
0.082513
0.057604
0.026434
0.11252
0.033693
0.11302
0.029057
0.039359
0.10227
0.10398
0.12193
0.11989
0.047638
0.069321
0.11028
0.065238
0.10339
0.077362
0.033731
0.070881
0.042037
0.088821
0.10358
0.052168
0.061725
0.11145
0.10659
0.10493
0.10837
0.050664
0.037256
0.075972
0.044904
0.037494
0.070846
0.074873
0.064108
0.0056307
0.09695
0.060078
0.039745
0.055043
0.010331
0.041558
0.086786
0.0088753
0.077545
0.070072
0.065494
0.046895
0.0002856
0.0069536
0.0402
0.0094918
0.075033
0.037426
0.060956
0.051463
0.040465
0.033258
0.096417
0.030703
0.047466
0.056358
0.016119
0.056397
0.071175
0.084232
0.066031
0.066272
0.041933
0.0084883
0.095856
0.024553
0.079005
0.039146
0.036801
0.079705
0.071349
0.08962
0.018862
0.069097
0.072193
0.055225
0.082889
0.050561
0.10077
0.029786
0.07532
0.096225
0.02465
0.034816
0.10832
0.030208
0.083232
0.13367
0.087892
0.11786
0.062355
0.10619
0.054017
0.15348
0.12524
0.11472
0.15905
0.12412
0.12457
0.12658
0.1886
0.16492
0.21439
0.15828
0.24185
0.18459
0.21091
0.26374
0.27335
0.33092
0.27975
0.36193
0.33327
0.42082
0.36926
0.47726
0.46838
0.54038
0.51562
0.50176
0.55475
0.65239
0.67636
0.71466
0.67083
0.73134
0.79482
0.8075
0.80222
0.84499
0.82335
0.89805
0.87502
0.90684
0.9678
1.0046
1.025
1.0757
1.0442
1.026
1.1255
1.1206
1.098
1.1663
1.0847
1.1312
1.1565
1.1922
1.1421
1.1249
1.1191
1.1664
1.1151
1.1258
1.129
1.143
1.1169
1.1246
1.0297
1.0342
1.0395
1.0659
0.9686
0.98138
0.95096
0.96341
0.927
0.85728
0.89496
0.88974
0.87345
0.84334
0.75721
0.74865
0.68073
0.69652
0.6981
0.65541
0.64797
0.63928
0.53555
0.53712
0.58451
0.49268
0.54501
0.47552
0.48372
0.4111
0.43151
0.38581
0.42554
0.37384
0.37267
0.30973
0.35908
0.32784
0.29216
0.33132
0.31365
0.2872
0.22447
0.24163
0.23989
0.25301
0.26415
0.20375
0.18858
0.17401
0.24031
0.1904
0.23082
0.22675
0.23294
0.22374
0.21464
0.18022
0.18545
0.22344
0.18261
0.21727
0.174
0.1872
0.21756
0.22005
0.13579
0.15201
0.19125
0.11845
0.12932
0.13969
0.18525
0.13949
0.11531
0.20543
0.11108
0.1466
0.15346
0.12819
0.12091
0.17257
0.16267
0.12379
0.19002
0.15232
0.12586
0.11189
0.20187
0.16602
0.20164
0.1472
0.12208
0.16078
0.13221
0.14299
0.16931
0.12952
0.18533
0.19347
0.18171
0.18418
0.15852
0.16511
0.12305
0.10943
0.1444
0.19042
0.11097
0.14182
0.19447
0.16553
0.18217
0.13864
0.18659
0.11687
0.15321
0.14088
0.17328
0.13573
0.16011
0.097932
0.16647
0.14483
0.15851
0.19045
0.12519
0.15975
0.10206
0.12676
0.13752
0.11272
0.12384
0.17202
0.12022
0.13749
0.1861
0.11538
0.12996
0.14539
0.18894
0.11526
0.1378
0.16659
0.1129
0.13075
0.14393
0.11415
0.13324
0.14598
0.11862
0.11667
0.17436
0.16884
0.13355
0.14267
0.17986
0.17054
0.1621
0.15348
0.14252
0.20486
0.21095
0.15831
0.22
0.2188
0.14843
0.17259
0.16497
0.22328
0.19253
0.14218
0.16746
0.22621
0.1505
0.18181
0.16212
0.21162
0.1777
0.19715
0.24135
0.15331
0.21456
0.23325
0.24128
0.1673
0.23062
0.23714
0.23569
0.18416
0.1904
0.18321
0.18575
0.22589
0.20786
0.22235
0.20313
0.17281
0.18134
0.26528
0.17708
0.22372
0.25008
0.2203
0.19047
0.2066
0.25534
0.23498
0.25524
0.2459
0.22726
0.19454
0.24638
0.26939
0.2502
0.25443
0.28387
0.19461
0.21284
0.28664
0.27401
0.27341
0.24627
0.25844
0.2248
0.29358
0.22222
0.26294
0.26202
0.2984
0.26113
0.27066
0.21542
0.29586
0.24781
0.24422
0.29841
0.26129
0.26087
0.21878
0.28966
0.26971
0.24713
0.26357
0.23643
0.22592
0.31527
0.22781
0.24975
0.22863
0.27711
0.23324
0.22699
0.25176
0.22906
0.24343
0.30862
0.25824
0.23398
0.31702
0.246
0.31739
0.29157
0.30244
0.24298
0.29714
0.29329
0.3169
0.27203
0.29841
0.31947
0.22754
0.28219
0.23828
0.31066
0.27684
0.25223
0.22508
0.24722
0.3166
0.30903
0.30959
0.27355
0.23168
0.27061
0.31882
0.23933
0.2249
0.23207
0.24154
0.22859
0.22798
0.31267
0.30741
0.22984
0.21759
0.29195
0.2548
0.28704
0.24021
0.23309
0.29619
0.24411
0.23566
0.26175
0.21561
0.2065
0.20801
0.25118
0.23191
0.26999
0.2836
0.27371
0.22633
0.28972
0.22452
0.28141
0.25911
0.2091
0.19252
0.22627
0.21751
0.21036
0.25413
0.19895
0.18775
0.22912
0.21585
0.17672
0.22309
0.22185
0.19515
0.21425
0.18664
0.1821
0.23219
0.2185
0.23034
0.17943
0.23377
0.23591
0.16993
0.24675
0.17221
0.20672
0.21234
0.21323
0.23475
0.19658
0.20778
0.14785
0.16901
0.16905
0.23105
0.15123
0.21673
0.15686
0.1449
0.14616
0.14273
0.16422
0.12991
0.19355
0.17592
0.12723
0.20405
0.16789
0.13174
0.12626
0.18879
0.18877
0.11156
0.18832
0.10508
0.14782
0.13124
0.096739
0.11924
0.1727
0.12182
0.080687
0.13381
0.10345
0.095761
0.12345
0.13862
0.12925
0.1579
0.14648
0.14126
0.12587
0.14626
0.12349
0.054904
0.10263
0.063414
0.11684
0.13797
0.10328
0.076441
0.053566
0.13261
0.047308
0.13025
0.10531
0.084899
0.056372
0.0307
0.10747
0.10628
0.072974
0.066301
0.054252
0.034967
0.10231
0.093297
0.017442
0.031712
0.027837
0.013337
0.061055
0.072615
0.052097
0.064028
0.023007
0.027106
0.022367
0.042415
0.0048397
0.067747
0.075983
0.067406
-0.010541
0.036978
0.044852
0.029386
0.03915
0.040776
-0.015995
0.042112
-0.019604
0.056407
0.041972
-0.028746
-0.021552
-0.016536
0.046373
0.029104
-0.032033
-0.041229
-0.033208
-0.027739
0.044389
-0.013544
-0.0359
-0.038341
-0.051204
-0.013295
0.016316
-0.037197
0.00061265
0.004792
-0.011867
-0.053176
0.024702
0.0051583
-0.036472
0.0089328
0.015533
0.011193
-0.021005
0.0093484
0.014524
0.0074121
0.021601
-0.06258
-0.034515
-0.039482
-0.0060262
-0.0057499
-0.041521
-0.060684
-0.029295
-0.071665
0.010984
-0.021332
-0.042705
-0.068339
-0.060482
-0.00078234
-0.032322
-0.0071838
-0.015322
-0.018659
0.0025876
-0.028916
-0.00092818
-0.049063
-0.04257
-0.063972
-0.010806
-0.059699
-0.070201
-0.066755
-0.060464
-0.044269
-0.03085
-0.019179
-0.037885
-0.031416
-0.034918
-0.017012
-0.0013185
-0.053936
-0.019867
-0.061017
-0.065812
-0.027333
-0.018127
-0.090905
-0.040062
-0.011765
-0.030537
-0.01056
0.0030745
-0.084855
-0.0042031
-0.022845
0.0051047
-0.067165
-0.079275
-0.012523
-0.042241
-0.01548
0.0021821
-0.032844
0.0024829
-0.061518
-0.048487
-0.084155
-0.078807
-0.053674
-0.012207
0.0005322
-0.045245
-0.010558
-0.038612
-0.037622
-0.045275
-0.031566
-0.073397
-0.039718
-0.085583
-0.0016651
-0.043403
-0.0096364
0.00050742
-0.018937
-0.015043
-0.029304
-0.08358
-0.033546
0.0052847
0.0085096
-0.053197
-0.01997
-0.042473
-0.022094
-0.00027252
-0.049572
-0.081106
-0.024576
0.013243
0.0010916
-0.077117
-0.0070128
-0.053976
-0.075348
0.0061007
-0.04182
-0.06507
-0.0022943
-0.071898
-0.052218
-0.059899
0.0080222
0.0033125
0.0076946
-0.058797
-0.07961
-0.048875
-0.017436
-0.038019
-0.030035
-0.070269
-0.058275
-0.055158
-0.018324
-0.039874
-0.031233
-0.075519
-0.054094
-0.039952
0.0083086
-0.059735
-0.01974
0.015839
-0.045382
-0.058857
-0.045386
-0.05763
-0.013075
-0.07367
-0.050542
-0.045843
-0.047023
-0.040224
-0.07266
-0.016833
-0.071677
0.015306
-0.052543
-0.073173
0.020158
0.0098566
-0.024411
-0.047637
-0.039983
-0.028678
-0.018784
-0.036414
-0.075913
-0.048551
-0.0032154
-0.069354
0.0089951
-0.004268
0.022742
-0.029247
-0.023772
-0.072965
0.0075969
-0.068742
-0.025926
-0.039857
-0.056957
0.017204
-0.025964
-0.050987
-0.06961
0.0055483
-0.071627
-0.023006
0.0050762
0.0050823
-0.054092
-0.050653
-0.053455
0.0014127
-0.035
-0.067665
-0.04269
-0.041825
-0.061155
-0.036613
-0.046722
-0.063061
-0.031448
0.00032645
-0.055871
-0.061223
-0.052266
-0.04595
-0.033299
0.018179
-0.017544
0.020764
0.02656
0.0077174
-0.049626
0.0040875
-0.04068
-0.070183
0.026148
0.018132
-0.015592
0.018987
-0.063855
-0.018511
-0.05236
-0.04845
-0.059515
-0.063567
-0.050908
-0.06021
-0.038477
-0.016036
0.024478
-0.055519
0.0018125
0.008324
-0.030056
-0.040043
-0.0092015
0.02593
0.023559
-0.040969
-0.019942
-0.045802
-0.017509
0.010184
0.014799
-0.014454
-0.060504
-0.031326
0.00010046
0.035131
-0.049696
0.015236
-0.034307
-0.044678
0.018837
0.028883
0.028986
-0.021396
-0.053074
0.0071819
0.033063
0.015862
6.0572e-05
-0.020267
-0.018001
-0.04146
-0.0098072
0.027947
-0.04401
0.034627
0.04243
0.019249
-0.030398
0.047587
0.043912
0.035418
0.025391
0.019035
-0.011074
0.04524
0.06313
0.065865
0.044322
0.050205
-0.0148
0.04886
-0.0072048
0.052781
0.013565
0.04145
-0.01097
0.029785
-0.016661
0.030008
0.046189
0.0043857
0.039887
0.083449
0.081336
0.042049
0.0026839
-0.0007331
0.006508
0.048009
0.039867
0.022569
0.082461
0.074661
0.039951
0.068564
0.03031
0.074698
0.063943
0.11227
0.10431
0.10066
0.064406
0.045213
0.09776
0.1004
0.05721
0.077197
0.1318
0.042555
0.10495
0.13182
0.12433
0.076325
0.056759
0.10238
0.058658
0.078865
0.10737
0.069672
0.063965
0.066817
0.093765
0.076678
0.14923
0.099836
0.097184
0.064235
0.11811
0.087149
0.060308
0.055844
0.14234
0.14037
0.11186
0.056264
0.057674
0.13202
0.12244
0.070917
0.11087
0.13998
0.12011
0.068568
0.086369
0.13982
0.10058
0.12919
0.057809
0.059499
0.14005
0.06967
0.11426
0.072825
0.1267
0.088365
0.11833
0.075567
0.08942
0.12995
0.048031
0.088316
0.067019
0.059516
0.072919
0.056115
0.053657
0.029013
0.10681
0.073933
0.099471
0.084296
0.06572
0.11522
0.067613
0.017493
0.059037
0.08623
0.071531
0.062401
0.073062
0.042589
0.037232
0.052201
0.072612
0.046488
0.081555
0.0033998
0.026785
0.022073
0.028159
0.070611
0.0019904
0.054801
0.078772
0.0052735
0.075213
0.0023225
0.016896
0.051806
0.06041
0.050699
0.0071285
0.041595
-0.0055
0.0019694
-0.022426
0.037353
-0.0016683
0.016377
0.011943
-0.0047843
-0.013197
0.071125
0.030779
0.016925
-0.0029991
-0.020419
0.050896
-0.015892
0.033969
0.018553
0.050903
0.05274
0.056118
0.014662
-0.025281
0.03279
0.064983
0.056929
0.023001
0.025128
0.04678
0.01564
-0.023462
-0.0072765
0.057658
0.07309
0.062144
0.0081384
-0.012096
0.04491
0.065581
0.033998
0.0057596
0.076594
0.038764
0.067687
0.076182
0.055809
0.00038017
0.083816
-0.013739
0.055387
0.071819
0.055909
-0.0044669
0.070693
0.014652
0.08796
0.06096
0.082818
0.062943
0.072448
0.010826
0.037143
-0.0051271
0.058712
0.033525
0.091439
0.092506
0.0017684
0.052922
0.036583
0.017164
0.10491
0.1108
0.098642
0.063446
0.089562
0.099645
0.1178
0.1022
0.094308
0.11606
0.17106
0.16776
0.19226
0.22875
0.1754
0.19874
0.21431
0.24405
0.28153
0.3257
0.36345
0.39405
0.41232
0.4097
0.44051
0.50219
0.50594
0.47527
0.57947
0.53061
0.63814
0.60658
0.64697
0.662
0.69644
0.75879
0.74978
0.76312
0.85206
0.87792
0.86471
0.9335
0.89248
0.95577
0.96011
0.99065
1.008
1.0338
1.1085
1.0776
1.069
1.0797
1.1604
1.1397
1.1144
1.1705
1.1483
1.1889
1.2062
1.1652
1.1932
1.163
1.1516
1.1536
1.1329
1.171
1.1362
1.1313
1.0567
1.0989
1.0884
1.0768
1.0074
0.99116
0.96007
0.99528
0.99569
0.88648
0.9194
0.8319
0.90231
0.82634
0.80816
0.77014
0.78705
0.74246
0.65727
0.71731
0.66745
0.6838
0.622
0.55851
0.56259
0.58288
0.57612
0.47771
0.53717
0.50235
0.40713
0.47969
0.39915
0.38467
0.41829
0.34091
0.34457
0.37343
0.31355
0.37357
0.32675
0.32083
0.27242
0.26192
0.32516
0.32232
0.31216
0.26746
0.22665
0.22914
0.25955
0.22798
0.26928
0.23083
0.28446
0.27431
0.26004
0.26047
0.25906
0.27801
0.18999
0.18582
0.23263
0.22875
0.1934
0.2411
0.21949
0.19775
0.21748
0.25079
0.20472
0.22768
0.22602
0.26028
0.20974
0.25381
0.18316
0.18532
0.16483
0.25107
0.22558
0.19309
0.21577
0.2296
0.24203
0.20643
0.21799
0.21655
0.24164
0.20161
0.1861
0.2135
0.20177
0.16272
0.23659
0.19634
0.15913
0.24324
0.22193
0.24816
0.21478
0.20069
0.18176
0.2261
0.19288
0.21704
0.2295
0.23824
0.15871
0.23301
0.1918
0.19578
0.16299
0.2096
0.24485
0.22868
0.18015
0.2441
0.19375
0.22067
0.22024
0.20993
0.25224
0.18861
0.17548
0.23269
0.1639
0.1597
0.25346
0.24177
0.18905
0.21711
0.2463
0.17809
0.21408
0.21244
0.19051
0.2135
0.19687
0.18121
0.2309
0.24181
0.2314
0.23456
0.221
0.20185
0.20876
0.26156
0.19339
0.16902
0.19155
0.26919
0.21887
0.23356
0.199
0.24312
0.2319
0.25495
0.23412
0.21767
0.26724
0.19825
0.26393
0.26658
0.26867
0.18713
0.21472
0.23088
0.19819
0.22186
0.25482
0.21402
0.21682
0.21361
0.22912
0.20999
0.28729
0.20313
0.20466
0.25708
0.23194
0.23059
0.24355
0.21684
0.30831
0.30527
0.24609
0.2482
0.23427
0.29778
0.23725
0.24591
0.22779
0.26204
0.226
0.32314
0.27859
0.31651
0.237
0.31204
0.2446
0.25056
0.30301
0.26947
0.31209
0.31009
0.24993
0.27564
0.30589
0.31301
0.29612
0.26681
0.32317
0.28691
0.2752
0.25675
0.3325
0.33866
0.25503
0.26039
0.27663
0.27134
0.32728
0.29591
0.28315
0.30617
0.29701
0.28093
0.33815
0.28007
0.27525
0.3289
0.28992
0.3546
0.32197
0.27971
0.29213
0.33684
0.29953
0.32944
0.32885
0.33815
0.33275
0.29624
0.28918
0.31404
0.36314
0.33549
0.35371
0.3176
0.28686
0.32324
0.32314
0.36604
0.34537
0.28529
0.34495
0.33684
0.36129
0.36489
0.30244
0.32916
0.3049
0.36685
0.31427
0.32229
0.31526
0.33572
0.29377
0.35522
0.35767
0.30089
0.27586
0.33563
0.31503
0.32618
0.27474
0.28398
0.30355
0.35127
0.29539
0.34963
0.30333
0.35265
0.32402
0.35441
0.31859
0.31385
0.30232
0.28066
0.30506
0.32152
0.32602
0.32373
0.34181
0.35512
0.32882
0.32339
0.30621
0.32817
0.3118
0.27722
0.27552
0.29738
0.32762
0.30015
0.3337
0.33843
0.26
0.33914
0.33893
0.27155
0.31707
0.32302
0.29031
0.32742
0.23617
0.31278
0.25651
0.28578
0.29774
0.29359
0.23937
0.31525
0.29201
0.29811
0.26317
0.26196
0.22151
0.29488
0.29964
0.24228
0.30382
0.29345
0.21188
0.20404
0.22963
0.27785
0.28012
0.23484
0.2055
0.23378
0.26723
0.2334
0.23643
0.21487
0.23802
0.25912
0.23888
0.24871
0.1936
0.20398
0.26112
0.19664
0.22555
0.19715
0.2111
0.18657
0.19093
0.22606
0.229
0.22184
0.21477
0.19739
0.16447
0.171
0.21539
0.22266
0.19559
0.203
0.1622
0.13946
0.1819
0.207
0.17785
0.20932
0.17297
0.1744
0.12142
0.14859
0.1909
0.17211
0.19223
0.12463
0.14409
0.1434
0.12386
0.12808
0.10091
0.14132
0.18439
0.11153
0.11962
0.16219
0.15236
0.12717
0.12977
0.16241
0.10004
0.08634
0.10832
0.15503
0.084163
0.091587
0.077516
0.097607
0.15383
0.070785
0.12516
0.1288
0.079105
0.12872
0.13983
0.11649
0.084369
0.053159
0.14568
0.077926
0.13212
0.13542
0.084969
0.069091
0.047318
0.086111
0.10999
0.063741
0.12871
0.094111
0.098322
0.054152
0.10057
0.11972
0.10015
0.10695
0.076281
0.033487
0.081131
0.040598
0.10671
0.10298
0.09627
0.027299
0.016569
0.024493
0.091455
0.059197
0.0040758
0.0069564
0.074466
0.0066265
0.038893
0.048093
0.051237
0.069358
0.088798
0.062378
0.090848
0.044188
0.052949
0.018721
0.032924
0.061883
0.002136
0.022759
0.0057597
0.058407
0.046354
0.046793
0.048803
0.063577
0.059941
0.001005
-0.017026
0.010103
0.048419
0.037976
-0.014848
0.045495
-0.02076
-0.0074665
-0.021395
0.0021648
0.045835
-0.011564
-0.008365
0.013163
0.030782
-0.024487
0.024811
0.065464
-0.0050783
0.012898
-0.030197
0.010758
0.021294
-0.016225
0.028457
0.0025331
0.033467
0.037753
-0.02033
0.056319
-0.0041271
0.013236
0.01665
0.010245
0.0017263
-0.0012607
0.065381
0.051323
0.018153
-0.015711
0.037688
0.06655
0.052413
-0.0042516
0.031708
0.0056431
-0.00087442
0.02727
-0.008982
0.030152
0.011528
-0.0038666
-0.0007681
-0.010665
0.031396
0.049101
0.025245
0.04262
-0.0064568
0.02605
0.026208
0.021867
0.041936
0.0089558
-0.01999
0.015214
0.054247
0.043169
0.026146
0.065847
0.078622
0.047758
0.03558
0.072885
0.062446
0.078057
0.038145
0.057028
-0.003615
-0.003868
-0.015064
0.0091372
0.010437
0.06556
-0.0017466
0.0078562
0.063674
0.028605
-0.00014682
0.0010758
0.053702
0.034322
0.065396
-0.010014
0.079768
-0.013565
0.060416
0.0037907
0.0070632
0.069963
0.056652
0.040634
0.028769
-0.006625
0.021143
-0.009632
0.084408
-0.0083957
-0.014168
0.059596
0.00053637
0.060715
0.013089
0.077836
0.013401
0.0046531
0.027697
0.016722
0.026821
0.0051396
0.067859
0.030979
-0.0099844
0.051183
0.01084
0.055525
0.077272
0.0022172
0.082691
0.086168
0.037067
0.034513
0.082199
-0.0039756
0.047536
0.051663
0.015611
-0.0051728
0.010645
0.089241
0.084335
0.085945
0.015042
0.024023
0.028092
-0.0092107
0.032409
0.070273
0.015259
0.081378
0.088474
0.033584
0.0075345
0.022423
0.020532
0.056255
0.012024
0.0090835
0.08694
0.066436
0.038033
-0.0066011
0.067456
0.0069505
0.031105
-0.0053766
0.00067669
0.036179
0.0060278
0.053748
0.0775
0.092262
0.045022
0.056385
0.041929
0.01847
0.025635
0.0060714
0.074469
0.023084
-0.00075668
0.029093
0.040207
0.039364
0.087775
0.044032
0.032526
0.0060749
0.055402
0.027053
9.8118e-05
0.013833
-1.2792e-05
0.047688
0.026322
0.022681
0.026857
0.050929
0.059218
0.04619
0.02248
0.06973
0.020091
0.026455
0.010141
0.039757
0.010365
0.031843
0.060017
0.093791
0.0077684
0.093168
0.025716
0.00436
0.089082
0.061361
0.019997
0.0071491
0.09533
0.10457
0.044841
0.047111
0.019789
0.068009
0.07157
0.073903
0.079117
0.10174
0.083627
0.10655
0.031808
0.075477
0.091971
0.1071
0.027995
0.069271
0.095629
0.053008
0.061575
0.037395
0.085062
0.05769
0.094212
0.10092
0.036908
0.10511
0.064366
0.046387
0.11774
0.045276
0.0744
0.11546
0.055903
0.059026
0.095751
0.094902
0.13064
0.052181
0.041568
0.042611
0.084358
0.070177
0.11465
0.11717
0.089007
0.084446
0.07038
0.09773
0.061481
0.091503
0.12515
0.13344
0.11835
0.086985
0.1314
0.12707
0.15226
0.078226
0.13948
0.13319
0.10073
0.099835
0.1775
0.12494
0.11881
0.15435
0.12647
0.12259
0.1326
0.092068
0.18343
0.096053
0.12199
0.1548
0.14712
0.11215
0.19812
0.12538
0.16715
0.17698
0.14507
0.13117
0.12597
0.16205
0.11922
0.1654
0.20704
0.20355
0.1905
0.14131
0.20937
0.16497
0.15931
0.19975
0.16663
0.11984
0.2155
0.17605
0.13165
0.15999
0.20453
0.19678
0.17872
0.20578
0.15342
0.16218
0.21533
0.21364
0.20983
0.15622
0.16492
0.21135
0.1129
0.13133
0.12887
0.1195
0.11731
0.16069
0.18886
0.17778
0.19135
0.12112
0.1564
0.1116
0.16023
0.15896
0.17787
0.15639
0.12455
0.10028
0.12335
0.12645
0.17611
0.15786
0.16403
0.091234
0.098504
0.15011
0.10959
0.13697
0.17254
0.072982
0.10304
0.10965
0.13826
0.11973
0.15143
0.12565
0.10886
0.15086
0.12438
0.13766
0.15117
0.1179
0.14276
0.11501
0.14288
0.072203
0.057067
0.049074
0.077764
0.11001
0.13176
0.10064
0.10933
0.078706
0.097388
0.09376
0.10109
0.11618
0.12759
0.13733
0.11535
0.044713
0.039656
0.069293
0.12556
0.058792
0.11095
0.089124
0.06356
0.079989
0.071593
0.060466
0.10538
0.076511
0.087003
0.061559
0.050139
0.06733
0.13479
0.11431
0.04557
0.12203
0.044856
0.040771
0.096487
0.083663
0.063884
0.047578
0.10348
0.13137
0.11182
0.058198
0.079144
0.11851
0.07485
0.056397
0.11502
0.060234
0.14563
0.10757
0.13855
0.11205
0.10737
0.138
0.087368
0.14235
0.12114
0.11874
0.087204
0.11196
0.11427
0.092297
0.10862
0.1334
0.14562
0.13571
0.17051
0.094142
0.11801
0.17667
0.14163
0.12484
0.16978
0.1539
0.13587
0.12329
0.11559
0.17104
0.15653
0.14956
0.20562
0.24838
0.22692
0.26362
0.22326
0.23176
0.29732
0.31928
0.27235
0.34941
0.39483
0.41709
0.43183
0.42178
0.47535
0.458
0.4607
0.55226
0.50823
0.52732
0.65235
0.65917
0.62317
0.72159
0.68484
0.70225
0.73295
0.8269
0.85691
0.86555
0.89014
0.88506
0.97926
0.96878
1.0526
0.98321
1.0857
1.0366
1.1245
1.1116
1.1383
1.1319
1.1039
1.1227
1.1874
1.152
1.224
1.1608
1.1688
1.1753
1.2329
1.1863
1.2366
1.1662
1.1364
1.1192
1.1725
1.1653
1.1602
1.0633
1.1004
1.0622
1.0974
1.0805
1.0448
1.0069
0.97326
0.97103
0.90018
0.8644
0.90963
0.85684
0.79423
0.78158
0.79952
0.7138
0.70122
0.66804
0.629
0.66118
0.63885
0.59252
0.56326
0.59295
0.56867
0.58119
0.55517
0.47801
0.51764
0.48239
0.48456
0.4586
0.43065
0.39771
0.37736
0.37791
0.33922
0.39437
0.38641
0.37322
0.39239
0.30877
0.31349
0.30559
0.33782
0.27255
0.28193
0.28189
0.26935
0.32402
0.29361
0.24529
0.24678
0.27649
0.25667
0.29164
0.2303
0.26624
0.29353
0.23294
0.30329
0.23223
0.25261
0.26842
0.2171
0.30186
0.30742
0.21644
0.30661
0.26973
0.25039
0.24962
0.26287
0.24489
0.23628
0.22084
0.25135
0.23895
0.25589
0.231
0.23824
0.29105
0.22795
0.21046
0.24309
0.25563
0.28399
0.30135
0.2871
0.28836
0.2583
0.24929
0.25603
0.26216
0.26341
0.23124
0.25892
0.2494
0.25866
0.21474
0.20526
0.2947
0.26615
0.23335
0.24549
0.28664
0.22439
0.23413
0.28722
0.21763
0.2149
0.27028
0.27347
0.21598
0.29485
0.23146
0.21909
0.25791
0.23358
0.27383
0.21181
0.21021
0.21697
0.21372
0.24698
0.24235
0.2569
0.24339
0.29825
0.24952
0.20511
0.2239
0.30034
0.24505
0.24445
0.20873
0.28435
0.22845
0.30305
0.23904
0.28126
0.22115
0.25262
0.29297
0.29404
0.29008
0.23613
0.26988
0.30416
0.28127
0.24004
0.24615
0.2418
0.31921
0.23131
0.29649
0.29015
0.3038
0.26253
0.25054
0.27624
0.23947
0.30653
0.26875
0.23929
0.28064
0.30224
0.25682
0.29864
0.3103
0.33131
0.28836
0.27396
0.33144
0.27334
0.28346
0.27643
0.28164
0.26565
0.30198
0.25794
0.29755
0.31331
0.29507
0.26734
0.31702
0.28869
0.28614
0.34489
0.31656
0.30508
0.36631
0.3144
0.36703
0.2878
0.27718
0.3414
0.33247
0.32877
0.29458
0.35183
0.29294
0.33584
0.29331
0.31935
0.36579
0.36496
0.29273
0.348
0.32284
0.31577
0.36675
0.32808
0.33404
0.38382
0.38464
0.35455
0.40039
0.36557
0.37493
0.36988
0.35455
0.32077
0.38612
0.38808
0.33771
0.35516
0.37794
0.34556
0.39568
0.34536
0.35504
0.38455
0.37138
0.36709
0.33784
0.40542
0.3998
0.3789
0.40343
0.34485
0.41179
0.40334
0.36241
0.39257
0.32541
0.3596
0.36777
0.35742
0.34462
0.35537
0.39382
0.41466
0.37134
0.35687
0.31941
0.38964
0.32133
0.33872
0.39448
0.34112
0.37464
0.33089
0.33012
0.36009
0.31546
0.32294
0.34086
0.32257
0.36929
0.36542
0.3252
0.33098
0.34244
0.39247
0.39619
0.36216
0.36616
0.31892
0.40171
0.3948
0.34644
0.39069
0.3151
0.3447
0.36828
0.39586
0.30914
0.33487
0.39242
0.36559
0.3868
0.37734
0.32296
0.32857
0.34583
0.35818
0.29998
0.29077
0.31118
0.3792
0.28577
0.3218
0.29084
0.2803
0.28427
0.30226
0.34412
0.32124
0.36546
0.32995
0.36568
0.27443
0.31576
0.34636
0.35081
0.26198
0.2713
0.27177
0.28175
0.29687
0.28138
0.34129
0.27697
0.30843
0.26641
0.27904
0.26836
0.25745
0.26866
0.23996
0.31929
0.23123
0.24446
0.28641
0.28418
0.28865
0.295
0.22833
0.25987
0.21434
0.27111
0.2987
0.2311
0.21783
0.3006
0.21456
0.29791
0.26648
0.25463
0.27018
0.26078
0.22341
0.272
0.19336
0.21465
0.19911
0.18571
0.21612
0.18405
0.20722
0.20415
0.20634
0.24723
0.21654
0.22546
0.21342
0.22792
0.16497
0.17508
0.25176
0.16638
0.15896
0.241
0.21107
0.23982
0.23855
0.21138
0.16764
0.20508
0.22839
0.2017
0.22455
0.17863
0.17073
0.16057
0.13274
0.18922
0.16321
0.20381
0.20809
0.16227
0.16706
0.13795
0.18481
0.19671
0.20346
0.1806
0.15165
0.15338
0.15021
0.16865
0.14371
0.10385
0.14947
0.1271
0.17442
0.10444
0.15197
0.12262
0.13382
0.14174
0.1339
0.13536
0.13903
0.15822
0.13654
0.12019
0.099052
0.089738
0.16375
0.14846
0.11992
0.062711
0.10841
0.080368
0.078123
0.1045
0.15206
0.1113
0.085387
0.10857
0.065076
0.048465
0.10011
0.072691
0.088134
0.10155
0.11382
0.10198
0.080647
0.10799
0.10532
0.062462
0.13201
0.069686
0.11159
0.12852
0.031385
0.027421
0.079023
0.065616
0.038687
0.036325
0.1093
0.093479
0.038903
0.099518
0.028479
0.10533
0.090367
0.04161
0.016096
0.045407
0.060083
0.073563
0.054133
0.072582
0.10063
0.065818
0.099974
0.038296
0.030108
0.1006
0.0056232
0.043531
0.054465
0.014927
0.0072217
0.093568
0.097734
0.070936
0.098864
0.065195
0.083008
0.041387
0.0076806
0.019724
0.020417
0.018681
0.052113
0.067864
0.025403
0.049189
0.023498
0.0080627
0.086829
0.077848
0.050441
0.050896
0.077554
0.10032
0.097748
0.099051
0.010979
0.096909
0.016586
0.079257
0.076865
0.031689
0.077966
0.059802
0.075225
0.042158
0.017672
0.010432
0.019192
0.038214
0.079423
0.020331
0.030428
0.010767
0.050804
0.10862
0.06982
0.093225
0.036608
0.074948
0.064646
0.020525
0.020143
0.046492
0.056255
0.076595
0.090401
0.019067
0.081554
0.087672
0.025156
0.011796
0.049036
0.068783
0.0704
0.084229
0.072543
0.083273
0.09843
0.076232
0.03143
0.057997
0.09917
0.043213
0.015362
0.014304
0.02086
0.034959
0.059312
0.036013
0.10996
0.080136
0.08153
0.044746
0.095456
0.062973
0.022454
0.014862
0.11097
0.1116
0.02042
0.059508
0.072659
0.017737
0.0595
0.017185
0.094042
0.10757
0.032125
0.055153
0.087004
0.023981
0.02159
0.055744
0.11038
0.029884
0.10234
0.10238
0.037474
0.11521
0.11305
0.043757
0.11629
0.073511
0.030046
0.10338
0.063997
0.067994
0.067711
0.10239
0.03818
0.10676
0.076399
0.10657
0.071415
0.049526
0.11326
0.11036
0.063424
0.058725
0.049358
0.036318
0.062602
0.09244
0.075649
0.034184
0.073139
0.076476
0.052135
0.039897
0.099518
0.083698
0.064246
0.067854
0.10171
0.071726
0.11586
0.10777
0.089052
0.077681
0.10145
0.12018
0.022388
0.063962
0.039634
0.079088
0.070536
0.045196
0.068989
0.068197
0.10016
0.084493
0.054724
0.078253
0.091854
0.039978
0.080197
0.049226
0.082444
0.088695
0.11781
0.038735
0.048631
0.069
0.040249
0.068675
0.068787
0.080617
0.090505
0.1094
0.089496
0.083107
0.039396
0.061165
0.077014
0.038115
0.10555
0.041162
0.11117
0.088657
0.096136
0.066422
0.1064
0.031558
0.092655
0.06585
0.11243
0.12957
0.065283
0.045308
0.048666
0.0721
0.090025
0.075679
0.042389
0.086195
0.057388
0.040499
0.1016
0.11571
0.12105
0.12679
0.13042
0.096299
0.077842
0.081816
0.074672
0.054611
0.077339
0.094904
0.12937
0.13445
0.12664
0.095055
0.11343
0.10719
0.12821
0.15233
0.15228
0.07889
0.13446
0.11902
0.10689
0.14621
0.10154
0.12771
0.10004
0.16755
0.078855
0.10125
0.11619
0.17263
0.14397
0.11869
0.1648
0.14369
0.11068
0.14318
0.096425
0.16946
0.1306
0.17175
0.12623
0.18152
0.16088
0.14016
0.14739
0.12862
0.17798
0.17567
0.12694
0.20009
0.1786
0.14311
0.19326
0.14759
0.20423
0.15412
0.18032
0.19567
0.21241
0.18576
0.18457
0.17063
0.217
0.21121
0.21142
0.17725
0.17181
0.15842
0.18063
0.13563
0.17436
0.18066
0.20552
0.15579
0.22585
0.16836
0.21214
0.17004
0.1486
0.17368
0.14521
0.19531
0.19431
0.18066
0.19128
0.14235
0.16599
0.13272
0.1366
0.14704
0.15806
0.18035
0.18847
0.18601
0.21935
0.15747
0.16917
0.12567
0.20387
0.13197
0.14363
0.17898
0.15405
0.21286
0.21179
0.16751
0.19757
0.1807
0.13312
0.19426
0.15986
0.15136
0.20133
0.19713
0.16926
0.17373
0.14747
0.10607
0.11848
0.17814
0.092699
0.12619
0.16874
0.16907
0.17217
0.14336
0.14304
0.12546
0.15042
0.14435
0.14237
0.075738
0.096952
0.1669
0.092541
0.13425
0.068676
0.14032
0.16065
0.10836
0.12102
0.12813
0.1168
0.15687
0.15145
0.079079
0.15021
0.11235
0.058688
0.1538
0.11099
0.06984
0.077632
0.1205
0.10663
0.093206
0.12528
0.13912
0.061253
0.13063
0.15107
0.05315
0.14337
0.1044
0.13376
0.14777
0.11048
0.11025
0.13848
0.11315
0.14773
0.077699
0.062347
0.077463
0.14017
0.14807
0.10023
0.070311
0.058123
0.14272
0.095341
0.066139
0.094891
0.13112
0.10761
0.093579
0.15348
0.1005
0.13309
0.16153
0.12421
0.086592
0.082446
0.080655
0.12431
0.1135
0.16367
0.16647
0.14033
0.10946
0.098374
0.090432
0.093572
0.077
0.12916
0.12147
0.17848
0.09693
0.12031
0.17782
0.12202
0.1774
0.13002
0.15147
0.15397
0.12803
0.15498
0.2195
0.1677
0.15696
0.19344
0.25772
0.27189
0.23957
0.28715
0.29114
0.28364
0.28607
0.35407
0.3323
0.36765
0.36687
0.37492
0.45329
0.47513
0.50656
0.50816
0.5775
0.59943
0.5483
0.62088
0.60954
0.63862
0.69126
0.72405
0.75038
0.83727
0.80601
0.89395
0.84008
0.87579
0.91128
0.95068
1.0181
0.97031
1.0294
1.0356
1.121
1.0526
1.1227
1.1455
1.1196
1.1014
1.1346
1.1316
1.1453
1.1314
1.1429
1.2104
1.1836
1.1476
1.1264
1.1813
1.2056
1.1013
1.166
1.1567
1.0653
1.0763
1.0509
1.0785
1.0871
1.037
0.98051
0.93239
0.97309
0.92603
0.87164
0.88175
0.82856
0.83488
0.79182
0.81112
0.74736
0.75146
0.70952
0.71773
0.63824
0.64257
0.58724
0.5729
0.54504
0.58624
0.55461
0.53102
0.49548
0.44482
0.48438
0.43245
0.43857
0.41809
0.37031
0.36541
0.36072
0.33729
0.31831
0.33907
0.36098
0.30702
0.27092
0.30342
0.31992
0.31182
0.25777
0.27441
0.22236
0.21127
0.26577
0.22404
0.23389
0.19781
0.20014
0.19918
0.26134
0.26691
0.26486
0.26646
0.19378
0.17267
0.21241
0.19594
0.21557
0.24568
0.24554
0.21104
0.23893
0.23138
0.17136
0.23753
0.18916
0.23166
0.19807
0.20806
0.20991
0.24021
0.21465
0.17863
0.23158
0.24374
0.21404
0.17836
0.22832
0.15219
0.21097
0.23386
0.21602
0.2287
0.19794
0.2296
0.22759
0.23506
0.17179
0.146
0.22179
0.21083
0.21043
0.23061
0.20234
0.1702
0.23564
0.20573
0.1849
0.15181
0.14655
0.15173
0.14878
0.21549
0.19817
0.17578
0.16066
0.14037
0.16089
0.22667
0.20773
0.22469
0.18463
0.18396
0.1962
0.17901
0.21079
0.19895
0.15984
0.20438
0.17835
0.17948
0.18658
0.23458
0.21584
0.14853
0.21775
0.18361
0.18019
0.17373
0.2067
0.16499
0.1653
0.2298
0.14528
0.24052
0.2231
0.14924
0.16852
0.22301
0.17187
0.16702
0.2331
0.19191
0.21472
0.18845
0.20404
0.21804
0.19343
0.16336
0.20191
0.22191
0.1743
0.16632
0.24534
0.18957
0.17752
0.2
0.19233
0.17072
0.26615
0.22013
0.20599
0.21678
0.22993
0.17559
0.25035
0.19489
0.22298
0.20803
0.23937
0.27008
0.20398
0.23001
0.22269
0.25617
0.2392
0.24526
0.26742
0.2523
0.25602
0.27965
0.23983
0.28937
0.29448
0.29025
0.28605
0.20939
0.28397
0.22521
0.21823
0.29546
0.24495
0.26803
0.24061
0.29103
0.21821
0.22245
0.24735
0.23765
0.22279
0.23461
0.25117
0.23585
0.22882
0.28388
0.23095
0.31537
0.30999
0.24297
0.31854
0.32128
0.27057
0.25627
0.25473
0.30948
0.28468
0.2643
0.27973
0.29577
0.2415
0.33374
0.25933
0.25266
0.31236
0.26302
0.30716
0.26364
0.31686
0.323
0.33898
0.32547
0.2515
0.3229
0.25758
0.34598
0.28512
0.34618
0.26957
0.29028
0.33449
0.3553
0.30052
0.31429
0.34208
0.32462
0.30153
0.34873
0.30721
0.313
0.31611
0.28392
0.30337
0.35271
0.27323
0.27224
0.34326
0.26705
0.32156
0.33387
0.30195
0.28702
0.30634
0.27615
0.26165
0.33931
0.26592
0.30527
0.33298
0.28482
0.34478
0.3515
0.32877
0.27535
0.33256
0.32073
0.29431
0.34611
0.33106
0.3034
0.31189
0.30046
0.27966
0.32555
0.30366
0.28856
0.29132
0.30136
0.31898
0.26126
0.29231
0.27407
0.339
0.25734
0.30969
0.25479
0.33853
0.24772
0.25447
0.24421
0.29223
0.31606
0.27039
0.28579
0.2371
0.32118
0.25794
0.2661
0.25073
0.26344
0.3138
0.24019
0.28943
0.27764
0.26822
0.2966
0.25932
0.24576
0.28709
0.27561
0.25976
0.21139
0.23663
0.25224
0.26715
0.2913
0.2305
0.21108
0.26878
0.24831
0.21692
0.22726
0.29231
0.28641
0.21783
0.25782
0.21518
0.27462
0.24246
0.27318
0.25125
0.25431
0.19204
0.263
0.26856
0.18287
0.19212
0.22902
0.26105
0.20307
0.23055
0.18726
0.18515
0.19727
0.19393
0.2069
0.16432
0.23721
0.19134
0.23617
0.15152
0.14743
0.21923
0.14082
0.17666
0.18115
0.15828
0.17042
0.1804
0.21315
0.1404
0.13803
0.15945
0.17701
0.16867
0.15043
0.15806
0.18287
0.19102
0.16832
0.12917
0.17741
0.13292
0.16949
0.1257
0.10524
0.17307
0.090378
0.089824
0.13115
0.15371
0.12468
0.096694
0.093625
0.1552
0.081006
0.075397
0.11922
0.12687
0.15457
0.11816
0.072203
0.15473
0.095508
0.14333
0.10971
0.14072
0.14254
0.14397
0.09071
0.092242
0.096178
0.059453
0.081986
0.061271
0.042143
0.033076
0.079121
0.10154
0.055846
0.10642
0.095176
0.10382
0.076888
0.10835
0.035753
0.10268
0.051366
0.030291
0.019624
0.011913
0.041487
0.070781
0.014624
0.041366
0.064477
0.086233
0.0060711
0.012891
0.06484
0.047259
0.041797
0.032514
0.038741
0.058586
0.024587
0.072673
0.075273
0.073777
0.016622
0.034913
-0.014644
-0.022635
0.019306
0.038678
0.063245
0.015371
0.020299
0.04861
0.03858
-0.0095915
-0.0034941
0.044955
0.044456
0.036285
-0.022873
-0.0020795
0.0042777
0.047937
0.055263
0.016666
-0.017531
0.04581
-0.041141
-0.016568
-0.012372
0.038755
-0.028886
0.022633
-0.028897
0.023037
0.021038
0.039377
0.027095
-0.041526
0.0053748
-0.021908
0.028472
-0.040909
0.038102
-0.014884
0.024878
-0.00090155
-0.011672
0.028855
-0.010319
-0.041023
-0.061184
0.012003
0.020396
-0.04482
-0.041398
0.00015053
-0.0060377
-0.025548
0.0048461
-0.028884
0.034391
0.022649
0.013834
-0.031405
-0.051436
-0.02833
0.025497
0.031792
-0.025039
0.019582
-0.020582
-0.054242
0.039006
0.027966
-0.027784
0.028539
-0.0038667
0.041604
0.026962
0.0078652
0.036851
-0.023381
-0.047394
-0.034634
0.025239
0.0098282
-0.032425
0.018915
-0.023061
-0.018986
0.034732
-0.045319
0.01723
-0.027151
-0.038575
0.037126
0.033182
-0.050028
0.026185
0.0018395
0.020958
-0.050498
0.013746
-0.0027673
-0.0048262
-0.051516
0.034922
0.017515
-0.032822
-0.021195
-0.003032
-0.042037
-0.015303
-0.0033067
0.015095
0.044206
0.025165
0.043731
-0.041681
0.021334
-0.024092
0.041615
-0.0065012
-0.038817
-0.0012031
-0.031815
0.013376
-0.046448
-0.033773
-0.029451
0.016167
-0.03758
0.0097591
0.013225
0.021383
-0.032953
0.047639
0.032321
-0.042566
0.02636
0.044251
-0.020029
-0.015703
-0.019793
-0.011233
-0.010206
0.047178
0.0072233
0.041424
-0.013531
-0.0064511
0.015961
0.038264
-0.020825
0.031309
0.035346
-0.037732
-0.040149
-0.022397
0.007119
0.016093
-0.034214
-0.0078238
-0.033043
-0.019281
-0.045077
-0.033716
0.0023567
-0.045572
-0.045669
0.041112
-0.024323
-0.011716
0.052748
0.052989
0.019457
-0.024289
0.053032
-0.0062553
0.0044812
-0.020302
0.016854
0.046131
0.010382
0.015812
0.03977
0.024647
0.035621
-0.040103
-0.016486
0.031061
-0.024683
0.0035044
0.048862
-0.0036526
0.033953
0.022099
-0.004206
0.0070763
0.048437
0.031887
0.01582
-0.017862
0.0088077
0.037052
0.034844
0.00036439
-0.027396
0.016778
0.0013871
0.017124
-0.041288
0.044264
-0.03466
-0.010471
-0.027482
-0.023683
0.050075
0.0040744
0.048747
0.056165
-0.0096374
0.028749
-0.0027089
0.040974
0.026733
0.0089655
0.0057325
0.0028803
-0.033285
0.0088814
0.009388
0.030799
-0.038494
-0.022256
-0.02159
0.02217
0.00077673
0.039936
0.031708
-0.028596
-0.0014579
0.059133
0.013212
-0.02412
-0.023288
0.0040671
0.014222
-0.0209
0.055599
0.021334
-0.018129
0.027158
0.025512
0.020335
0.022414
0.0032608
0.013341
-0.017563
0.026489
0.012014
0.023154
0.04117
-0.0035687
-0.025464
0.038761
0.040165
0.0042221
-0.022675
-0.022927
0.060832
0.066886
0.014903
0.020443
0.048138
0.07761
0.066241
-0.0066415
0.077781
0.017703
-0.0066423
0.068595
-0.0074226
0.025508
0.029198
0.028956
0.083058
0.085565
0.029058
0.011818
0.046518
0.075745
0.042939
0.032837
0.092486
0.055158
0.099872
0.035431
0.067983
0.023195
0.061224
0.044279
0.093411
0.018839
0.079914
0.091168
0.081039
0.025769
0.045484
0.094417
0.085622
0.10741
0.076024
0.091047
0.11906
0.049405
0.05723
0.051769
0.072916
0.09708
0.071065
0.12589
0.05834
0.091015
0.081569
0.080618
0.13771
0.11501
0.13167
0.063674
0.1547
0.14721
0.065728
0.080369
0.1381
0.14907
0.12687
0.12644
0.13836
0.14705
0.1147
0.091639
0.13273
0.11274
0.12358
0.15141
0.15819
0.078421
0.086923
0.11426
0.11415
0.098882
0.12571
0.11324
0.089466
0.12248
0.10694
0.14139
0.12029
0.094023
0.10638
0.14479
0.08359
0.093621
0.10597
0.099689
0.083403
0.090589
0.074472
0.11505
0.076392
0.15665
0.13792
0.073874
0.11115
0.08624
0.09035
0.14126
0.11974
0.13771
0.12038
0.06611
0.12808
0.13921
0.101
0.11464
0.12061
0.12067
0.10556
0.051551
0.063336
0.06509
0.059689
0.048234
0.091689
0.11322
0.075369
0.13106
0.11851
0.10203
0.034592
0.080852
0.092533
0.10299
0.037801
0.10257
0.10355
0.0966
0.082538
0.047797
0.025739
0.095685
0.024328
0.064884
0.103
0.038495
0.029985
0.046634
0.096378
0.0043983
0.033001
0.057425
0.067275
0.065374
0.037684
0.060089
0.082298
0.05876
0.033273
-0.0044301
0.0097676
0.0030031
0.013639
0.015457
0.060696
0.03267
0.079992
2.0533e-05
-0.0078233
0.031934
0.059888
0.025492
0.067886
0.067791
0.003373
0.02065
0.058594
0.072906
0.011577
0.041662
0.020286
0.083824
0.020489
0.012909
0.054403
-0.0068023
0.060027
0.010884
0.026553
0.0067435
0.025932
0.0088256
0.0052601
0.084964
0.051994
0.079716
0.0038886
0.07983
0.014345
0.050828
0.0854
0.08789
0.050864
0.09709
0.019026
0.057033
0.07644
0.080728
0.085525
0.051929
0.10119
0.097796
0.030486
0.10729
0.05562
0.039219
0.065682
0.066461
0.039052
0.11602
0.088833
0.099347
0.074084
0.074822
0.073588
0.11342
0.051574
0.13099
0.096674
0.14859
0.12466
0.14053
0.13418
0.13599
0.18234
0.13383
0.16338
0.20246
0.18829
0.18174
0.27224
0.28345
0.30534
0.304
0.27474
0.35425
0.38307
0.3906
0.4045
0.42668
0.43139
0.44469
0.55916
0.57751
0.51904
0.56769
0.67178
0.61715
0.70675
0.73733
0.77895
0.75498
0.80595
0.78155
0.81712
0.83823
0.92303
0.93247
0.93968
0.99507
1.0595
1.0463
1.0306
1.0249
1.0957
1.0796
1.1402
1.1582
1.1452
1.1175
1.1111
1.1466
1.1508
1.1804
1.1489
1.1298
1.2143
1.132
1.1458
1.1702
1.1589
1.1034
1.0718
1.0906
1.1313
1.0963
1.0638
1.0581
1.0366
1.018
1.0027
0.97186
0.87404
0.88629
0.82745
0.82192
0.87184
0.84534
0.77114
0.74028
0.76711
0.66757
0.66025
0.68188
0.66101
0.61266
0.59796
0.58622
0.50272
0.54931
0.5308
0.52675
0.47612
0.4571
0.46622
0.45045
0.42769
0.35435
0.32454
0.37342
0.36447
0.3218
0.34991
0.34729
0.31938
0.25627
0.26452
0.278
0.22416
0.20982
0.23371
0.22906
0.22774
0.26362
0.18048
0.26567
0.17765
0.17892
0.24887
0.22305
0.18311
0.21969
0.1725
0.18552
0.21598
0.21364
0.1739
0.21905
0.1764
0.19266
0.1548
0.1398
0.13323
0.21656
0.18953
0.20955
0.17412
0.21008
0.21057
0.159
0.18473
0.19064
0.18773
0.14959
0.17437
0.19852
0.14071
0.16333
0.21438
0.15098
0.18716
0.13144
0.14776
0.17135
0.20855
0.15829
0.19205
0.17334
0.17566
0.14442
0.13608
0.14429
0.14935
0.17625
0.12521
0.16325
0.14495
0.18777
0.19877
0.20017
0.16804
0.13056
0.18524
0.17688
0.14902
0.19867
0.11742
0.11789
0.15877
0.16185
0.15181
0.1804
0.20015
0.18856
0.11374
0.13757
0.18489
0.16369
0.11441
0.16006
0.17071
0.13072
0.20405
0.15079
0.11339
0.1866
0.14436
0.14479
0.11834
0.15977
0.20905
0.19187
0.14221
0.13407
0.14131
0.14166
0.12405
0.19762
0.1392
0.16583
0.15701
0.17768
0.16078
0.18992
0.21584
0.12797
0.15089
0.19681
0.16072
0.13902
0.19237
0.22164
0.2152
0.14476
0.13991
0.16464
0.19673
0.22438
0.15872
0.19048
0.2142
0.1527
0.2063
0.21042
0.21221
0.16172
0.21336
0.24431
0.21419
0.24617
0.16095
0.21276
0.1747
0.17939
0.18525
0.21002
0.21186
0.2373
0.21628
0.20378
0.25184
0.20387
0.17374
0.21125
0.22425
0.17241
0.25961
0.21264
0.25859
0.21399
0.20951
0.21351
0.19304
0.27588
0.2157
0.21935
0.26606
0.18846
0.19606
0.19351
0.20636
0.29075
0.2058
0.27594
0.22254
0.23588
0.21199
0.25592
0.28359
0.26146
0.21566
0.28928
0.26978
0.24906
0.2528
0.29296
0.2491
0.29421
0.25777
0.23942
0.28042
0.26632
0.28143
0.2643
0.31083
0.27051
0.31171
0.25313
0.2937
0.28429
0.29973
0.29683
0.28981
0.32101
0.29521
0.26013
0.27911
0.29593
0.27198
0.29378
0.27978
0.23271
0.25788
0.2639
0.30849
0.29236
0.23586
0.30687
0.26261
0.28288
0.2543
0.29131
0.28128
0.29936
0.27247
0.30317
0.28733
0.24861
0.29713
0.27138
0.32096
0.23631
0.27454
0.24738
0.26743
0.30811
0.32073
0.2976
0.24311
0.27806
0.24522
0.29969
0.31572
0.30472
0.25137
0.24444
0.30045
0.26286
0.26928
0.30716
0.25723
0.28368
0.3249
0.31256
0.26734
0.26509
0.22911
0.26481
0.25986
0.29072
0.2297
0.24942
0.26633
0.25335
0.30051
0.30024
0.31432
0.30769
0.23065
0.30218
0.26164
0.29808
0.26823
0.26637
0.26838
0.26845
0.29098
0.2435
0.23351
0.29237
0.26914
0.28949
0.24365
0.23244
0.29116
0.24377
0.21559
0.19712
0.22092
0.25048
0.18988
0.21728
0.27221
0.26033
0.18812
0.19602
0.19868
0.19623
0.24573
0.18709
0.21334
0.23984
0.21922
0.24919
0.26512
0.19046
0.18651
0.2249
0.22713
0.2472
0.17141
0.1857
0.17962
0.20702
0.23417
0.20802
0.2013
0.24086
0.17682
0.22965
0.14277
0.1717
0.21004
0.15993
0.19036
0.22219
0.2119
0.21495
0.1579
0.1212
0.16931
0.15101
0.14445
0.21085
0.19143
0.2011
0.20214
0.12834
0.18586
0.17309
0.11414
0.17492
0.11658
0.12681
0.14741
0.13703
0.11167
0.13821
0.17472
0.12314
0.094616
0.093324
0.17227
0.11441
0.15588
0.070642
0.074654
0.10659
0.11118
0.1322
0.073112
0.10509
0.13949
0.083659
0.095574
0.12611
0.094183
0.091395
0.1116
0.1218
0.099303
0.090445
0.095276
0.095046
0.13015
0.053866
0.047234
0.046243
0.073536
0.02768
0.026757
0.025276
0.087532
0.065876
0.048825
0.083474
0.046075
0.044506
0.03123
0.028998
0.08836
0.026973
0.097879
0.034445
0.02893
0.028043
0.072627
0.066677
-0.0045845
0.036666
0.061757
0.016171
0.023395
0.019284
-0.01441
0.050118
0.047231
0.015978
0.0014415
0.064639
-0.02032
0.0018769
0.030571
0.048707
0.032629
0.046116
0.032996
0.028742
0.0054673
0.0089088
0.039568
-0.013052
0.030878
0.0053931
0.036716
-0.028096
0.0064442
0.023202
-0.010998
0.021756
-0.055301
0.01973
-0.040628
-0.016164
-0.05986
-0.0013867
-0.033251
-0.064108
0.01459
-0.0059661
-0.0587
0.023124
0.025424
-0.012666
-0.068309
0.01968
0.014389
0.0071183
0.012472
-0.038232
-0.073127
-0.029897
-0.061913
-0.030107
0.0089139
-0.0084938
-0.0068896
-0.026375
-0.064442
-0.072954
-0.062655
0.010763
-0.061162
-0.075506
-0.068066
-0.086268
-0.078574
-0.01851
-0.041993
-0.0023722
-0.0039488
0.0040189
-0.025572
-0.047947
0.005273
-0.078831
-0.020641
-0.03086
-0.053763
-0.014223
-0.059229
-0.090125
-0.033801
-0.015609
-0.044566
-0.045994
-0.077743
0.003174
-0.081538
-0.0071577
-0.072457
-0.070767
-0.036059
0.001506
-0.022359
-0.044629
-0.0092469
-0.07521
-0.064259
-0.055106
-0.05103
-0.067119
0.010906
-0.04192
-0.037682
-0.062752
-0.018219
-0.047084
-0.020052
0.010524
0.011355
-0.07042
-0.02383
-0.077223
-0.013387
-0.030592
-0.045506
-0.053889
-0.060259
-0.052648
-0.084307
0.010793
-0.0020236
-0.027612
0.0089652
-0.034393
-0.080016
0.0018779
-0.074167
-0.041526
-0.065416
-0.014833
-0.061479
0.014719
0.0050547
-0.022997
-0.05857
-0.047084
0.0024183
-0.074068
-0.046552
-0.047607
-0.076629
-0.057341
-0.04088
-0.015202
-0.074245
-0.010391
-0.06215
-0.067664
-0.027722
-0.023885
0.0022882
-0.0017159
0.0052394
-0.01879
0.0070256
0.017167
-0.019408
0.0092491
-0.056348
-0.048055
-0.053909
-0.0024859
-0.031858
-0.047368
-0.053918
-0.035299
-0.03739
0.0012641
0.009369
-0.063676
-0.062173
-0.035628
-0.044935
-0.035265
-0.036077
-0.0011041
0.0062263
0.019223
-0.067112
-0.025403
-0.037088
-0.036063
0.023156
-0.054883
-0.011869
-0.025255
-0.057921
-0.032625
0.00093718
-0.066799
-0.023306
-0.010816
0.0072996
0.0097842
-0.046682
-0.034586
-0.03614
-0.02018
-0.040183
-0.038911
-0.002529
-0.071206
-0.044976
-0.047513
-0.028151
0.010414
-0.021567
-0.05264
-0.022749
0.025391
0.017682
-0.0072154
-0.031429
-0.029864
0.011538
-0.01111
-0.010203
-0.026222
-0.0077727
-0.04819
0.00031556
-0.04345
-0.056624
-0.010749
-0.049666
0.00641
-0.056543
-0.0076748
-0.055053
0.014259
0.024267
-0.050569
-0.046328
-0.023956
0.018532
-0.06105
0.0054232
0.00042354
-0.065466
-0.023157
0.022808
-0.06262
-0.024258
-0.04716
-0.002341
-0.0093856
0.00072419
0.028901
0.028279
-0.020992
0.0033316
-0.020803
-0.035528
-0.061028
-0.0023574
-0.010779
0.011143
-0.0090399
-0.008262
0.015414
-0.028415
0.0026552
-0.05165
0.027769
-0.061841
-0.0044158
-0.041073
0.014813
-0.0026084
-0.029895
0.03588
-0.022716
-0.034717
-0.05454
0.039737
0.0042129
-0.020351
0.033834
0.024795
0.0014849
0.028288
0.018688
-0.006874
0.0063335
-0.0080277
0.025104
0.0030139
-0.048033
0.043003
-0.047039
-0.033735
0.016897
-0.014782
0.048583
0.030799
-0.0053004
-0.01845
0.052278
0.040893
-0.023597
0.0084011
-0.023451
0.021299
0.039675
-0.023924
-0.0025523
0.047274
-0.000593
-0.025181
0.0038464
0.049681
-0.0083569
-0.010336
0.035144
0.058552
0.03552
0.039151
0.057538
0.0033377
0.034288
0.018138
0.043516
0.0040259
0.085814
0.065679
0.052587
0.061359
0.080375
0.011229
0.0036712
0.054335
0.071407
0.073755
0.081028
0.083311
0.052882
0.091775
0.093198
0.073738
0.094749
0.071242
0.039057
0.035017
0.096908
0.045929
0.037995
0.1187
0.10475
0.062757
0.12963
0.10315
0.043543
0.082955
0.12736
0.11627
0.044862
0.098411
0.12014
0.045724
0.14081
0.10699
0.052889
0.062942
0.061397
0.12418
0.070658
0.10653
0.055804
0.082645
0.15065
0.13905
0.12863
0.12724
0.095115
0.060489
0.1159
0.081955
0.10231
0.095684
0.14263
0.1129
0.1571
0.11732
0.14165
0.097636
0.1331
0.14415
0.070047
0.084658
0.067693
0.10689
0.065591
0.074912
0.14823
0.13126
0.084587
0.12616
0.12648
0.10688
0.11716
0.10949
0.065212
0.055524
0.10508
0.088379
0.066012
0.046492
0.063096
0.045943
0.083782
0.051066
0.069409
0.10241
0.078813
0.10564
0.042133
0.056536
0.10328
0.079605
0.11235
0.017936
0.050701
0.10678
0.039896
0.025656
0.056286
0.035464
0.028278
0.014689
0.034648
0.0040872
0.010712
0.077783
0.006326
0.013736
0.00011062
0.081564
0.075139
0.075562
0.077463
0.010777
0.058549
0.050509
0.03372
0.083372
0.036207
0.044504
0.03323
0.064293
0.081424
0.0094094
0.0010888
0.046762
0.077733
0.065112
0.019468
0.015771
0.0092642
0.068917
0.022098
-0.021593
-0.0053695
0.011845
-0.002148
-0.023372
0.065187
0.021337
0.02404
0.0018747
0.0062615
0.019412
0.033842
-0.010719
0.047732
0.031135
0.043014
0.063989
0.066003
-0.015257
0.0259
0.052817
0.023201
0.078018
0.026837
0.023728
0.050588
0.079581
-0.0045423
0.005237
-0.00070647
-0.0075892
0.036888
0.0047203
0.025304
0.029212
0.016389
0.038569
0.062537
0.02061
0.064964
0.080016
0.064706
0.0050419
-0.0020154
0.077975
0.0016726
0.059141
0.084954
0.037038
0.042448
0.0095457
0.01775
0.059415
0.052893
0.097707
0.085305
0.022717
0.090813
0.022136
0.052055
0.061357
0.12183
0.10299
0.096863
0.068661
0.1339
0.15534
0.11372
0.1138
0.19636
0.1986
0.13954
0.22891
0.22824
0.24986
0.19733
0.26594
0.22149
0.3321
0.31076
0.37408
0.36511
0.41963
0.37979
0.39262
0.42461
0.44673
0.46501
0.5372
0.59923
0.60532
0.61454
0.67764
0.70896
0.74353
0.77913
0.79022
0.84205
0.83008
0.80753
0.8694
0.95042
0.9705
0.9591
1.0173
0.96827
1.0533
1.0969
1.0655
1.0559
1.0589
1.1115
1.1715
1.1796
1.2006
1.1318
1.2139
1.1379
1.1247
1.1242
1.2035
1.207
1.159
1.1604
1.1275
1.1003
1.0802
1.1034
1.0848
1.1351
1.0736
1.0089
1.018
1.0494
0.94571
0.96551
0.97963
0.92458
0.90695
0.83513
0.87741
0.86237
0.78074
0.7761
0.70071
0.70833
0.74546
0.68418
0.64649
0.6003
0.65084
0.56572
0.54888
0.53477
0.52272
0.51744
0.46456
0.44018
0.46171
0.42222
0.37843
0.39471
0.43833
0.40253
0.41279
0.34847
0.31295
0.30511
0.34563
0.34674
0.29802
0.33706
0.329
0.27794
0.29423
0.2506
0.23667
0.31949
0.25774
0.30039
0.21631
0.21859
0.26467
0.27586
0.20624
0.23342
0.2105
0.22998
0.28143
0.25275
0.20287
0.24511
0.20159
0.21384
0.26176
0.22364
0.25411
0.25834
0.17842
0.19807
0.25763
0.21454
0.20838
0.22147
0.217
0.25301
0.18829
0.23859
0.22273
0.22079
0.24471
0.21826
0.2344
0.23774
0.22177
0.24254
0.25319
0.22805
0.21414
0.17889
0.19184
0.24727
0.21785
0.2437
0.17051
0.24128
0.25859
0.18314
0.19978
0.24376
0.18012
0.24528
0.21088
0.18283
0.17211
0.23085
0.2459
0.17148
0.17884
0.16096
0.23827
0.24577
0.17729
0.18972
0.20651
0.16234
0.22723
0.24055
0.1883
0.24531
0.18478
0.16562
0.25767
0.25831
0.21706
0.26054
0.26074
0.22688
0.16372
0.22771
0.23786
0.23777
0.24202
0.18467
0.18911
0.19973
0.22577
0.23822
0.23849
0.25334
0.18662
0.1835
0.20399
0.1996
0.21518
0.19458
0.19901
0.20699
0.2552
0.18877
0.22864
0.26012
0.19156
0.19099
0.23766
0.20232
0.2306
0.28649
0.25935
0.2725
0.2304
0.258
0.25403
0.26428
0.20723
0.2204
0.29724
0.22424
0.25061
0.21536
0.29335
0.28668
0.23135
0.30175
0.24953
0.25918
0.25815
0.29401
0.24085
0.23595
0.29652
0.22503
0.28709
0.23404
0.23616
0.26191
0.28724
0.22769
0.26082
0.26124
0.23262
0.27387
0.24882
0.23465
0.31378
0.26334
0.24216
0.32091
0.25938
0.32004
0.29356
0.33714
0.29934
0.32985
0.26285
0.32973
0.30635
0.30571
0.26127
0.31664
0.28781
0.33436
0.27977
0.32045
0.26731
0.35684
0.28661
0.30969
0.35957
0.31997
0.3289
0.3252
0.27384
0.29833
0.30988
0.28088
0.2799
0.33248
0.36428
0.3155
0.29352
0.30713
0.27577
0.28799
0.31308
0.34205
0.33217
0.31342
0.34426
0.29323
0.29457
0.34904
0.35204
0.31362
0.28331
0.33131
0.36939
0.36626
0.33959
0.30258
0.28313
0.2879
0.31832
0.36852
0.32378
0.33001
0.3114
0.36764
0.29008
0.31593
0.30956
0.28803
0.31574
0.34535
0.31554
0.33884
0.31891
0.28171
0.29855
0.32628
0.29185
0.37748
0.36635
0.36744
0.37029
0.32071
0.28556
0.35981
0.35454
0.33824
0.2792
0.32402
0.30534
0.32412
0.32133
0.29427
0.31004
0.33809
0.30711
0.3559
0.27344
0.32505
0.28229
0.2946
0.26385
0.354
0.34751
0.28892
0.32194
0.33755
0.26708
0.35163
0.30414
0.32328
0.32813
0.3446
0.28764
0.2817
0.31302
0.31503
0.33268
0.28078
0.2917
0.2779
0.27534
0.24622
0.24741
0.24429
0.31088
0.22764
0.26497
0.28856
0.25091
0.25217
0.29884
0.25698
0.30874
0.28803
0.27723
0.28219
0.24053
0.21191
0.20687
0.2142
0.26224
0.23811
0.24459
0.26831
0.19559
0.22607
0.27216
0.25925
0.27318
0.22828
0.21362
0.26452
0.23386
0.24687
0.22679
0.20165
0.23608
0.1861
0.25774
0.24426
0.18074
0.17488
0.1966
0.25361
0.19841
0.25095
0.15695
0.1504
0.20418
0.23435
0.24037
0.15717
0.1414
0.21905
0.20153
0.14671
0.16049
0.19105
0.19733
0.17755
0.20999
0.20482
0.20758
0.12192
0.19512
0.18438
0.18557
0.15392
0.20604
0.13758
0.19049
0.13795
0.15806
0.13033
0.10165
0.14366
0.1707
0.17181
0.094889
0.16821
0.11056
0.17903
0.084042
0.15332
0.12482
0.13987
0.08237
0.12426
0.075759
0.084352
0.11515
0.14633
0.15465
0.096703
0.10723
0.085026
0.15023
0.14976
0.1139
0.087846
0.10721
0.061977
0.14331
0.090787
0.1186
0.085741
0.042057
0.097674
0.040474
0.071371
0.10984
0.10633
0.055116
0.073756
0.047446
0.065769
0.086228
0.089995
0.064881
0.058801
0.02113
0.030632
0.020256
0.024027
0.087826
0.032872
0.10617
0.051029
0.084645
0.015163
0.074907
0.021389
0.069001
0.077523
0.053314
0.0061466
0.0041766
0.0085519
0.086594
0.035983
0.085755
0.050529
0.088029
0.027905
0.0178
-0.0032136
0.022095
0.019499
0.079443
0.061248
0.011167
0.073356
0.035986
0.01821
0.061668
0.078139
0.022712
0.057455
0.0057669
0.067688
0.060065
0.030032
-0.018347
0.039898
0.037088
-0.0053081
0.054809
0.0094138
0.042232
0.02663
0.0048363
-0.028812
0.0070799
0.0085408
0.028483
0.0074355
0.02558
-0.0011216
0.054838
-0.0026869
0.028944
0.032361
0.062374
0.030223
0.017693
-0.006745
0.0024953
0.02576
0.039701
0.0016519
0.027356
-0.018473
0.013395
0.036639
0.052263
0.047127
0.017603
0.010732
0.071499
0.046044
-0.010605
0.071296
0.067031
0.0049142
0.011298
0.017577
0.036944
-0.016033
0.0021284
0.052821
0.038288
0.0087386
-0.0055993
0.035428
0.027618
-0.002742
0.066678
0.0097422
0.0030312
0.019686
0.034503
0.031984
0.032066
0.069281
0.0097793
-0.01267
-0.015716
-0.0026435
0.067161
0.014458
-0.0038737
-0.0035083
-0.0091498
0.042284
0.021022
0.041091
0.024312
-0.011404
0.012751
0.02001
0.078636
0.040831
0.001823
0.024629
-0.0088217
0.0089946
0.015288
0.013873
-0.013133
0.065532
0.032561
0.0014579
-0.013419
0.022023
0.0006016
0.067838
-0.0082317
-0.016521
-0.013541
0.0052832
-0.0029716
-0.0032391
0.04626
0.010518
-0.0003228
0.028704
-0.009222
0.052317
0.069774
0.026014
0.065404
0.026311
0.041502
0.042748
0.0477
-0.0039983
0.046843
0.054064
0.078858
0.065075
0.077591
0.049253
-0.0043087
-0.014689
-0.0058392
0.023806
0.020981
0.028858
0.04342
0.028033
0.015245
0.038998
0.052938
0.021224
-0.0075261
0.058042
0.072105
0.046094
0.020014
0.04974
-0.0094012
0.078228
0.058701
-0.0073708
0.081622
0.050626
0.040678
0.073127
0.085561
0.044392
9.24e-05
0.053533
0.084305
0.025496
0.057536
0.0080295
0.084801
0.070613
0.065113
0.053924
0.062955
0.03678
0.085046
0.024346
0.077986
0.075401
-0.0068323
-0.0067014
0.058307
0.082295
0.041646
0.033667
0.023204
0.048606
0.0059344
0.06598
0.022395
0.086096
0.045617
0.035931
0.033651
0.0077493
0.056255
-0.0022565
0.011583
0.080521
0.061122
0.073585
0.058112
0.050106
0.0030863
0.090442
0.093535
0.011916
0.0026327
0.064376
0.040744
0.03533
0.055256
0.033679
0.010965
0.088005
0.097314
0.069954
0.077337
0.012216
0.024957
0.033818
0.064381
0.08841
0.045009
0.086967
0.048766
0.060577
0.043541
0.084666
0.075574
0.10579
0.014298
0.08309
0.016465
0.035082
0.014284
0.084903
0.017447
0.075598
0.051486
0.069545
0.073515
0.11196
0.044134
0.025604
0.068056
0.035538
0.071065
0.065842
0.031202
0.099299
0.034374
0.10576
0.090804
0.1159
0.058363
0.099424
0.1173
0.12048
0.088445
0.062197
0.071205
0.10557
0.062441
0.053626
0.10273
0.1269
0.10936
0.10198
0.14302
0.13445
0.056705
0.12082
0.13212
0.13827
0.15606
0.12671
0.1291
0.14007
0.090854
0.15592
0.13269
0.10709
0.093999
0.12002
0.089147
0.17158
0.14634
0.12168
0.13173
0.11236
0.10256
0.16011
0.13476
0.12006
0.1055
0.15926
0.17837
0.11801
0.14863
0.19633
0.17391
0.19318
0.14085
0.13238
0.10633
0.20125
0.16898
0.15431
0.1853
0.14029
0.1396
0.18474
0.1204
0.16989
0.17916
0.1985
0.15298
0.15482
0.13959
0.12692
0.15198
0.15712
0.20352
0.11845
0.12811
0.18349
0.13812
0.16675
0.17884
0.19427
0.17028
0.16955
0.1302
0.17129
0.13735
0.12533
0.11211
0.14365
0.19348
0.17791
0.18396
0.11303
0.14043
0.19023
0.14135
0.10069
0.094606
0.13048
0.17617
0.13135
0.1186
0.11916
0.13225
0.16652
0.12918
0.14564
0.17182
0.16452
0.098221
0.079779
0.11194
0.15563
0.13336
0.09107
0.071269
0.10535
0.076242
0.15733
0.14272
0.1112
0.13276
0.13377
0.063165
0.12668
0.10003
0.089093
0.063722
0.10278
0.13484
0.080401
0.10636
0.086766
0.10567
0.075316
0.060649
0.133
0.070532
0.11516
0.12126
0.091666
0.038831
0.089453
0.060114
0.051214
0.099041
0.061643
0.036471
0.06713
0.054926
0.12501
0.10659
0.11715
0.099772
0.10048
0.097333
0.13029
0.090999
0.11713
0.077539
0.049309
0.044854
0.10565
0.12733
0.076813
0.059188
0.069277
0.11669
0.099674
0.042335
0.085527
0.10633
0.11
0.13073
0.054078
0.068151
0.059681
0.084196
0.093491
0.12121
0.097627
0.085592
0.084123
0.098188
0.13781
0.098512
0.071602
0.10647
0.10569
0.066172
0.063575
0.11949
0.15007
0.14499
0.071018
0.11025
0.094562
0.10669
0.16156
0.13257
0.12169
0.080965
0.098548
0.14477
0.099356
0.16783
0.15496
0.18532
0.11629
0.12251
0.13857
0.19523
0.19766
0.17197
0.19229
0.17235
0.23564
0.27999
0.2513
0.23824
0.26509
0.25433
0.35749
0.37631
0.32355
0.39906
0.35001
0.38985
0.46735
0.49172
0.48167
0.5592
0.54126
0.54925
0.57488
0.63679
0.63808
0.72273
0.75801
0.73103
0.77351
0.85852
0.89263
0.90806
0.87458
0.91644
0.90728
0.97253
1.0288
1.0188
1.0731
1.1046
1.0881
1.1135
1.116
1.1096
1.193
1.1571
1.1242
1.155
1.2155
1.2124
1.1603
1.2153
1.1996
1.1328
1.1572
1.157
1.1161
1.1513
1.1156
1.1652
1.1262
1.0982
1.0322
1.0451
1.0748
1.0216
0.95596
0.92527
0.98999
0.87475
0.9368
0.86814
0.84213
0.85279
0.78166
0.73257
0.78012
0.69223
0.6639
0.63663
0.68642
0.65537
0.63666
0.62953
0.61322
0.54482
0.49446
0.50722
0.53882
0.48103
0.42748
0.4865
0.38668
0.43907
0.44495
0.41054
0.38505
0.41431
0.38105
0.34491
0.31136
0.31093
0.27635
0.26571
0.28177
0.27978
0.26961
0.29254
0.3004
0.2923
0.31031
0.26582
0.31403
0.24178
0.22396
0.30443
0.2245
0.28285
0.21268
0.25802
0.20061
0.20061
0.28333
0.25249
0.26139
0.22598
0.25374
0.26457
0.19566
0.21966
0.28519
0.21116
0.19724
0.21918
0.26733
0.25507
0.22844
0.21638
0.20177
0.22984
0.19997
0.2317
0.22694
0.23342
0.26047
0.20393
0.2465
0.18861
0.25619
0.21946
0.25741
0.23879
0.18384
0.21786
0.2714
0.25485
0.24059
0.18965
0.19886
0.19236
0.24537
0.25394
0.18357
0.18486
0.17898
0.22715
0.24678
0.22668
0.23967
0.26207
0.21052
0.18686
0.17599
0.2358
0.20628
0.2558
0.19308
0.26447
0.25071
0.25139
0.19347
0.24177
0.23986
0.18465
0.23861
0.24244
0.18583
0.26699
0.25451
0.2412
0.20786
0.18779
0.19964
0.19347
0.18534
0.25076
0.21065
0.18877
0.20468
0.24759
0.18801
0.24796
0.27214
0.2733
0.25169
0.21515
0.21575
0.24161
0.26688
0.22007
0.19424
0.22069
0.27547
0.24877
0.2171
0.21771
0.2637
0.28214
0.22146
0.23862
0.28652
0.25937
0.30058
0.26251
0.30004
0.23846
0.24267
0.3043
0.28169
0.30471
0.24284
0.22054
0.30495
0.28604
0.31457
0.25184
0.31191
0.2529
0.31956
0.24875
0.31094
0.25411
0.31298
0.24082
0.28412
0.23327
0.29025
0.25973
0.25968
0.33158
0.31449
0.30119
0.2721
0.32279
0.28755
0.28748
0.25828
0.32494
0.28738
0.27098
0.31658
0.34836
0.26459
0.33075
0.30061
0.31062
0.33161
0.26978
0.29596
0.28969
0.29399
0.3383
0.2929
0.30978
0.2926
0.28405
0.33501
0.37149
0.36225
0.30917
0.31268
0.32652
0.36861
0.28198
0.29535
0.33425
0.30884
0.34695
0.37773
0.35594
0.30298
0.37399
0.29703
0.34776
0.29444
0.3813
0.29296
0.33437
0.37319
0.35799
0.31355
0.36314
0.35479
0.37779
0.33597
0.34258
0.31781
0.35448
0.34071
0.33813
0.32952
0.38333
0.34751
0.37666
0.37193
0.33864
0.30388
0.35744
0.35644
0.33422
0.30961
0.36459
0.35633
0.34685
0.30674
0.35971
0.31593
0.37827
0.30886
0.3714
0.346
0.32211
0.3301
0.3305
0.3035
0.30509
0.35917
0.37479
0.29473
0.30674
0.30424
0.32369
0.3171
0.30223
0.33477
0.2906
0.31185
0.2932
0.29217
0.37062
0.31163
0.36035
0.37557
0.29477
0.37399
0.33372
0.36587
0.31153
0.34519
0.31871
0.27807
0.36177
0.31315
0.33493
0.35539
0.35693
0.32274
0.2971
0.29239
0.33488
0.30477
0.29692
0.3107
0.35283
0.31214
0.28199
0.32773
0.32868
0.30276
0.31405
0.2623
0.29867
0.32528
0.31044
0.3079
0.25156
0.32532
0.2509
0.31185
0.23898
0.32395
0.2417
0.25397
0.23254
0.26055
0.27714
0.22832
0.26967
0.21579
0.26641
0.2797
0.28755
0.23022
0.23201
0.26702
0.20548
0.22225
0.20203
0.27358
0.22256
0.19627
0.21295
0.21621
0.21094
0.19995
0.20516
0.1853
0.18188
0.20681
0.25884
0.22968
0.24303
0.23309
0.24145
0.17736
0.17102
0.172
0.23552
0.2293
0.15661
0.23959
0.19432
0.22275
0.17108
0.19234
0.15691
0.14906
0.17768
0.19519
0.20375
0.16548
0.18381
0.20393
0.12866
0.2144
0.13125
0.1484
0.14475
0.15686
0.11712
0.15009
0.18084
0.11355
0.1839
0.16835
0.11219
0.17521
0.10159
0.13891
0.17699
0.15146
0.18284
0.092518
0.17078
0.086846
0.091811
0.12083
0.097653
0.13509
0.1053
0.11399
0.12803
0.11467
0.10408
0.16441
0.13582
0.084213
0.084879
0.066849
0.060319
0.14206
0.077574
0.092284
0.069783
0.052152
0.083089
0.099873
0.065165
0.066454
0.079474
0.10643
0.10723
0.073312
0.10335
0.036087
0.093913
0.080232
0.079116
0.11742
0.049875
0.06495
0.041944
0.10616
0.058203
0.042493
0.11924
0.065262
0.038252
0.030322
0.048442
0.11151
0.055015
0.079886
0.094743
0.060278
0.022113
0.02001
0.031545
0.027363
0.062099
0.041209
0.05461
0.0034155
0.089137
0.034362
0.013284
0.025738
0.051927
0.09113
0.067232
0.044359
0.028108
0.0022367
0.046891
0.036479
0.075463
0.052603
0.039462
0.062933
0.046502
0.04568
-0.00042593
0.047024
0.017539
0.024742
0.058801
0.064236
0.011035
0.03369
-0.0011681
-0.01018
0.038416
0.074947
0.024456
0.030384
0.06297
0.015347
0.05013
0.080502
0.0058852
0.057364
-0.0072429
-0.0093366
0.00056478
0.0008463
0.0061833
0.063657
0.07101
0.02708
-0.0096528
0.029375
-0.00038967
0.047578
0.0079084
-0.0072854
0.034939
0.028057
0.043174
0.05452
0.075838
0.031708
0.054789
0.040718
0.012886
0.074591
0.0021812
0.084845
-0.002827
0.075727
-0.0066693
0.01349
0.035563
0.032595
0.041897
0.027931
0.065508
0.024497
0.011148
0.027831
0.049444
0.049803
0.04724
0.036776
0.071889
0.045252
0.011832
0.024434
0.051951
0.088468
0.059382
0.014763
0.035497
0.024475
0.076379
0.06958
0.068445
0.081634
0.060622
0.012468
0.059554
0.092398
0.011604
0.02745
-0.00096127
0.092023
0.021543
0.089228
0.047407
0.079073
0.031899
0.079832
0.024378
0.044221
0.030361
0.051387
0.0069215
0.074546
0.0098527
0.085552
0.081834
0.081897
0.025971
0.039714
0.052093
0.08047
0.063579
0.025197
0.027867
0.010004
0.026133
0.036942
0.050851
0.043027
0.037584
0.070885
0.091267
0.048275
0.03594
0.02303
0.005914
0.071033
0.09748
0.074182
0.03843
0.017453
0.059028
0.010882
0.057272
0.069011
0.051183
0.094045
0.070612
0.085943
0.052397
0.048675
0.068282
0.048449
0.05893
0.020748
0.08403
0.036108
0.085463
0.035589
0.080999
0.07475
0.01489
0.050144
0.063993
0.066771
0.021342
0.074391
0.0050969
0.06013
0.095926
0.044188
0.011913
0.075761
0.031439
0.023889
0.059333
0.050867
0.0943
0.096313
0.0246
0.047757
0.01432
0.065087
0.025667
0.078122
0.054577
0.08251
0.025595
0.106
0.08163
0.1005
0.08461
0.10325
0.074738
0.015078
0.07062
0.086413
0.045086
0.068277
0.098541
0.06966
0.056895
0.088281
0.063728
0.070588
0.062394
0.012383
0.085198
0.018333
0.07005
0.096631
0.052588
0.021349
0.076946
0.10184
0.10307
0.081899
0.039164
0.076425
0.058825
0.02724
0.056637
0.047569
0.054524
0.065253
0.10823
0.046657
0.018224
0.030069
0.1139
0.096327
0.047035
0.055528
0.042388
0.089837
0.081959
0.067762
0.077175
0.11728
0.10226
0.038488
0.073701
0.04558
0.12342
0.060049
0.089157
0.077706
0.072336
0.096628
0.12018
0.083607
0.10857
0.041157
0.068026
0.05055
0.087562
0.132
0.071981
0.12316
0.091928
0.099022
0.1017
0.11742
0.13225
0.15109
0.11836
0.13609
0.064772
0.15416
0.1163
0.074021
0.11155
0.10975
0.11211
0.16651
0.13903
0.10701
0.12846
0.077127
0.099002
0.10046
0.13839
0.12417
0.13135
0.084761
0.15974
0.17474
0.14856
0.10158
0.16567
0.17537
0.16997
0.14809
0.14561
0.1081
0.17591
0.17627
0.15471
0.17986
0.13569
0.16972
0.11316
0.15335
0.12955
0.14017
0.12608
0.11822
0.15642
0.15674
0.16522
0.12202
0.14016
0.16171
0.12648
0.14498
0.16952
0.14344
0.18698
0.20974
0.21234
0.17263
0.17793
0.20725
0.17794
0.15725
0.16327
0.1718
0.2115
0.15201
0.17406
0.1991
0.17964
0.15345
0.19627
0.17143
0.16888
0.15795
0.15012
0.18319
0.18343
0.17238
0.12331
0.12221
0.1449
0.15117
0.11726
0.13521
0.10967
0.10464
0.17026
0.19901
0.12502
0.12105
0.15513
0.1711
0.16575
0.18605
0.14879
0.11309
0.14088
0.11971
0.14781
0.10004
0.10328
0.083223
0.15518
0.10303
0.15097
0.096199
0.16602
0.11057
0.11536
0.10982
0.074629
0.062578
0.1176
0.081388
0.13626
0.10861
0.13848
0.14498
0.062061
0.14632
0.06959
0.11288
0.11113
0.131
0.11788
0.048373
0.096034
0.071745
0.073316
0.050212
0.13235
0.11985
0.12583
0.13412
0.088247
0.069219
0.10917
0.09623
0.13724
0.072112
0.10052
0.13695
0.074709
0.046695
0.057421
0.049551
0.13881
0.10512
0.073945
0.12349
0.042527
0.083742
0.11253
0.061811
0.047895
0.086008
0.059258
0.10817
0.11219
0.1386
0.1068
0.051554
0.13383
0.11435
0.087282
0.10822
0.084955
0.078525
0.10234
0.066544
0.14717
0.078682
0.099708
0.083352
0.14365
0.070545
0.12906
0.11614
0.08587
0.087043
0.075119
0.1004
0.14105
0.066514
0.1542
0.12705
0.076133
0.082471
0.17107
0.16115
0.12025
0.14462
0.11305
0.1713
0.13003
0.14494
0.14044
0.11403
0.15799
0.1658
0.17896
0.18917
0.20741
0.17728
0.17484
0.2046
0.21369
0.24107
0.23279
0.29009
0.35692
0.32942
0.38822
0.42022
0.43222
0.38143
0.42149
0.44903
0.51893
0.54951
0.5143
0.59331
0.58573
0.61404
0.65597
0.73717
0.73192
0.73193
0.76778
0.79736
0.8433
0.9079
0.89291
0.9523
0.96547
0.97917
0.97112
0.98631
1.0021
1.0546
1.079
1.0721
1.1072
1.1564
1.1427
1.1888
1.2069
1.207
1.2097
1.1446
1.1976
1.18
1.233
1.2031
1.223
1.1687
1.1489
1.1436
1.1739
1.1199
1.127
1.1044
1.0746
1.0954
1.0974
1.0681
1.0202
0.99128
1
0.9157
0.94449
0.90793
0.88031
0.8048
0.80155
0.84343
0.82447
0.79937
0.74006
0.70976
0.67116
0.67935
0.60669
0.59588
0.62254
0.56064
0.59433
0.57917
0.54049
0.47001
0.49111
0.44827
0.4077
0.39863
0.38493
0.37517
0.40542
0.32974
0.35216
0.32957
0.32506
0.32884
0.34729
0.35002
0.26034
0.3342
0.32304
0.249
0.30197
0.3134
0.30204
0.25336
0.26365
0.25216
0.24652
0.21355
0.28237
0.28372
0.28648
0.25939
0.1982
0.22497
0.25166
0.19222
0.26371
0.24412
0.23549
0.27038
0.26964
0.24174
0.26155
0.18567
0.18788
0.26052
0.26239
0.17609
0.24601
0.25184
0.19996
0.24472
0.24272
0.20659
0.17593
0.21278
0.20149
0.16529
0.16652
0.23007
0.17809
0.25314
0.24112
0.25765
0.16699
0.17762
0.21397
0.1943
0.21024
0.2504
0.21561
0.20512
0.21973
0.1905
0.18675
0.25178
0.2525
0.2473
0.16545
0.19405
0.15712
0.17807
0.15841
0.23593
0.23237
0.2048
0.24335
0.24744
0.16371
0.15458
0.19944
0.22537
0.22756
0.17804
0.175
0.22848
0.19663
0.21795
0.18847
0.21609
0.22093
0.18131
0.25203
0.22519
0.17169
0.23193
0.18332
0.17286
0.24993
0.24066
0.19681
0.2081
0.18556
0.22466
0.23831
0.18632
0.18765
0.21159
0.19605
0.22937
0.25244
0.23551
0.20221
0.17746
0.2489
0.22873
0.20079
0.20861
0.24363
0.26706
0.22579
0.2126
0.19582
0.18493
0.23836
0.20417
0.27151
0.27113
0.23392
0.18553
0.22628
0.27038
0.20306
0.27682
0.25891
0.2794
0.27352
0.26048
0.27574
0.27911
0.2396
0.23349
0.2473
0.2934
0.28304
0.2557
0.29372
0.26872
0.23146
0.26207
0.25822
0.21722
0.24289
0.28493
0.29995
0.31337
0.2484
0.27618
0.2545
0.3167
0.31818
0.30493
0.22781
0.26995
0.26119
0.26346
0.30298
0.29636
0.28935
0.28185
0.24587
0.27435
0.3286
0.31527
0.24709
0.29164
0.32634
0.34314
0.30175
0.31409
0.33648
0.27363
0.28566
0.25802
0.32321
0.3257
0.25899
0.26073
0.33739
0.32559
0.344
0.34815
0.35935
0.35496
0.27952
0.26362
0.28278
0.31596
0.30108
0.30225
0.32357
0.31545
0.32825
0.35451
0.30504
0.27949
0.33683
0.30752
0.33662
0.34344
0.31943
0.29034
0.33742
0.29302
0.29512
0.31038
0.34734
0.31418
0.31537
0.34058
0.29666
0.34015
0.28327
0.28594
0.29285
0.27866
0.30105
0.29456
0.29465
0.31118
0.30691
0.3658
0.29811
0.27904
0.29126
0.31657
0.35598
0.30886
0.34814
0.29866
0.28318
0.28869
0.32044
0.35776
0.30729
0.3437
0.29123
0.33311
0.32627
0.27463
0.3155
0.33365
0.29089
0.29585
0.27636
0.27858
0.27631
0.2818
0.33066
0.28142
0.27269
0.28208
0.30685
0.31455
0.29284
0.30932
0.34221
0.32769
0.32509
0.29323
0.3004
0.33343
0.34089
0.31513
0.31866
0.32705
0.32139
0.30245
0.2492
0.31034
0.28019
0.2432
0.28211
0.31046
0.30551
0.23589
0.26812
0.24088
0.27431
0.2711
0.28252
0.31396
0.266
0.21672
0.30445
0.28682
0.29077
0.24934
0.28189
0.25514
0.22563
0.21484
0.25891
0.29304
0.19647
0.2636
0.19089
0.27412
0.27283
0.20579
0.26082
0.22707
0.22868
0.19512
0.22799
0.27072
0.26458
0.25028
0.20894
0.1993
0.21529
0.16067
0.16228
0.21759
0.21397
0.21717
0.17383
0.1528
0.16165
0.19005
0.22024
0.22962
0.17097
0.17996
0.22631
0.22953
0.19559
0.14894
0.15639
0.20861
0.18687
0.15471
0.17037
0.2137
0.17279
0.17431
0.12247
0.16002
0.14594
0.15506
0.18409
0.18874
0.1214
0.11257
0.14307
0.1466
0.12011
0.14231
0.097407
0.18218
0.14838
0.13261
0.17257
0.12345
0.13541
0.16932
0.14999
0.12717
0.12609
0.11925
0.10138
0.11068
0.091082
0.11543
0.057935
0.10511
0.12596
0.052356
0.075681
0.10843
0.087075
0.066427
0.08224
0.053828
0.049001
0.11955
0.052183
0.06279
0.081517
0.042998
0.064315
0.057501
0.097105
0.0336
0.029629
0.074156
0.088608
0.084056
0.078356
0.022964
0.052266
0.068093
0.060005
0.098694
0.10448
0.034531
0.0093079
0.031681
0.03304
0.038277
0.013009
0.03927
0.016006
0.062237
0.0011971
0.017583
0.081395
0.057996
0.020346
0.077485
-0.0093977
0.054535
0.0036876
0.01348
-0.0085135
-0.016858
0.014657
0.033531
0.017866
0.01059
0.0088427
0.059819
-0.030323
0.066477
-0.027432
0.03803
-0.028201
-0.018264
-0.013205
0.010453
0.060045
0.031302
-0.028818
0.057345
0.01322
-0.043247
0.039308
0.02034
-0.04443
-0.02875
0.048184
-0.038187
0.0318
-0.00068763
-0.023167
0.0091115
-0.034113
-0.029348
-0.036574
0.037133
-0.016427
0.025143
-0.051384
0.0031393
-0.0097502
0.013315
-0.012288
0.00028515
0.00508
-0.043505
0.041548
-0.00022598
0.023868
-0.049303
0.015979
0.022839
-0.015141
0.033657
-0.046725
0.02758
-0.039082
-0.050411
0.03807
0.045782
-0.0021709
-0.021049
-0.010975
-0.048004
0.0081192
0.0047485
0.012084
-0.047961
-0.010897
-0.043349
0.029299
0.0033347
0.047817
0.038203
-0.022249
0.021723
0.031665
0.0020663
0.0098872
-0.0335
-0.04855
0.0027028
0.032902
-0.014859
0.019342
0.012969
-0.042803
-0.0065313
-0.0038718
-0.046774
-0.046845
-0.00016514
0.047919
0.024617
-0.0089111
0.025492
-0.041592
-0.037333
-0.0035747
0.03472
-0.043905
0.029743
-0.022246
-0.012588
0.0067183
-0.027622
-0.037136
-0.034817
-0.025365
-0.034458
0.0032648
0.039232
0.023589
0.042036
-0.020087
0.0095938
0.052705
-0.029435
-0.013869
-0.039022
0.012921
-0.029853
0.044486
0.020615
-0.035538
0.039637
0.024835
-0.032308
0.020565
-0.0043154
-0.0050258
-0.013081
-0.0056951
0.051072
-0.0036306
0.0017505
-0.02002
0.037181
0.018462
0.008793
-0.0016394
0.018975
-0.0021984
-0.030901
-0.00089389
-0.015198
0.039078
0.0082809
0.02101
-0.0017593
-0.037641
0.046582
-0.034665
0.027578
0.029061
-0.030837
-0.003195
-0.0026507
0.025772
0.051428
-0.026685
-0.037309
0.057734
0.035844
0.005839
-0.012021
-0.017355
-0.020729
-0.031674
0.012484
-0.026885
0.0010398
0.048261
-0.012413
-0.0065542
0.01028
-0.036404
0.019167
0.056376
0.01531
0.0047924
0.045913
-0.013351
-0.015628
-0.021523
0.02313
0.03681
0.030522
-0.023931
0.049142
-0.0086211
-0.001558
-0.02716
0.032454
-0.036854
-0.018734
0.025871
0.029852
-0.0078711
0.032731
-0.023971
0.02377
0.018196
0.015959
0.041835
0.04363
0.015281
0.031973
-0.0037594
-0.0012674
0.05426
0.0037915
0.057961
0.058583
0.016357
-0.0050086
-0.00030366
0.0068643
-0.0058075
0.0040249
-0.020935
-0.0014884
-0.010468
0.031325
0.022155
0.025315
0.058829
0.012248
0.035541
0.051165
-0.010161
0.038258
-0.029145
0.034977
0.027283
0.02867
0.034535
0.0048354
-0.029704
0.042789
0.010831
0.050073
0.019623
0.0034406
-0.01072
0.036211
0.041678
-0.012213
0.02418
0.026403
0.057535
0.034927
0.02112
0.025237
0.051662
0.041167
0.004434
0.065381
0.054444
-0.0090183
0.037657
0.0017141
0.0056613
0.065195
-0.013957
0.078919
0.026005
0.0085034
0.012444
0.040525
0.063772
0.022118
0.036375
0.070798
0.045048
0.0073765
0.027563
0.073293
0.0047178
0.021085
0.087729
0.04424
0.058303
0.027408
0.094492
0.033481
0.031341
0.066124
0.09306
0.10745
0.070855
0.029232
0.05718
0.10699
0.10294
0.11461
0.047197
0.081522
0.12049
0.071103
0.078959
0.11841
0.10176
0.11689
0.056433
0.1295
0.14503
0.087605
0.072191
0.14362
0.089171
0.11523
0.13962
0.15069
0.13874
0.15329
0.14846
0.1229
0.11524
0.071851
0.10701
0.12147
0.071689
0.14985
0.11038
0.13119
0.08533
0.16173
0.12765
0.15383
0.12304
0.16301
0.16362
0.14257
0.12504
0.080953
0.15149
0.091062
0.16439
0.14129
0.17471
0.14744
0.1087
0.098457
0.16168
0.10416
0.089199
0.14024
0.1569
0.14383
0.14424
0.081371
0.16663
0.16185
0.096509
0.11458
0.085513
0.10844
0.15699
0.12823
0.12783
0.12732
0.13784
0.1338
0.1216
0.11271
0.14486
0.086578
0.097869
0.13596
0.096613
0.11337
0.069382
0.077507
0.052463
0.094448
0.12697
0.10115
0.12944
0.069411
0.039425
0.036904
0.08126
0.10432
0.067202
0.12495
0.099154
0.090076
0.036415
0.11781
0.12156
0.1056
0.072532
0.035683
0.085803
0.050766
0.032638
0.080604
0.048767
0.044737
0.029141
0.056396
0.097316
0.049064
0.082918
0.04018
0.047423
0.03113
0.003673
0.0012059
0.067811
0.038918
0.032193
0.01409
-0.0024193
0.039325
0.05136
0.056711
0.066626
0.025051
0.073798
0.021433
0.015679
0.06356
0.073142
0.063541
-0.0056087
0.049535
0.031195
0.044914
0.024406
0.035621
0.0098482
0.017917
0.050543
0.014483
0.070404
0.092777
0.049814
0.077762
0.0075652
0.064345
0.044608
0.0068941
0.058214
0.06333
-0.0011172
0.044027
0.045017
0.0056093
0.047818
0.054659
0.03548
0.0074867
0.088891
0.02986
0.070008
0.060263
0.10368
0.079801
0.10119
0.099512
0.077419
0.10678
0.019138
0.071837
0.088806
0.066175
0.092856
0.044655
0.088494
0.06382
0.078845
0.05536
0.073143
0.08751
0.093706
0.037039
0.048199
0.10588
0.069551
0.10156
0.11557
0.081646
0.10517
0.15122
0.15455
0.15868
0.15297
0.17013
0.19414
0.19352
0.17836
0.24537
0.20013
0.23429
0.27141
0.27749
0.32496
0.3989
0.40556
0.40303
0.43481
0.48769
0.458
0.47775
0.56757
0.54438
0.54498
0.59574
0.67278
0.66728
0.70353
0.73983
0.77254
0.79613
0.8454
0.81692
0.87149
0.94016
0.94102
0.98759
0.97835
1.0185
0.99103
1.0286
1.0642
1.0675
1.0578
1.1177
1.166
1.1151
1.1501
1.1727
1.1517
1.1769
1.1208
1.2102
1.1174
1.2
1.1572
1.1253
1.0994
1.1209
1.0866
1.0678
1.1402
1.0509
1.0758
1.0703
0.97902
0.97938
0.99716
0.92399
0.98007
0.94436
0.90859
0.90843
0.85579
0.79851
0.79757
0.80358
0.7078
0.69856
0.66322
0.65502
0.62627
0.60352
0.58054
0.56563
0.5204
0.49558
0.5615
0.52541
0.46889
0.45497
0.3961
0.41598
0.42374
0.40388
0.40029
0.37234
0.40471
0.30666
0.32026
0.36099
0.26629
0.26556
0.2543
0.32278
0.31872
0.231
0.26276
0.22166
0.25096
0.23542
0.23756
0.23222
0.20459
0.22644
0.19663
0.22651
0.26185
0.21401
0.20527
0.17831
0.26025
0.21321
0.17459
0.21571
0.20787
0.19006
0.21996
0.23815
0.22205
0.15687
0.19806
0.22091
0.20211
0.1551
0.1579
0.18371
0.20953
0.22692
0.23755
0.2059
0.16843
0.20451
0.18142
0.1794
0.15846
0.18043
0.14956
0.16497
0.18511
0.20735
0.22881
0.15738
0.22982
0.13729
0.23526
0.22677
0.17112
0.13964
0.21405
0.13893
0.22268
0.1965
0.16603
0.19716
0.20752
0.19324
0.17364
0.22715
0.18387
0.17806
0.20259
0.21865
0.19818
0.22071
0.19218
0.21076
0.15922
0.2074
0.19218
0.22335
0.19381
0.16641
0.17621
0.13662
0.1785
0.19155
0.19048
0.14595
0.1428
0.19717
0.20859
0.18343
0.20413
0.14247
0.14107
0.14977
0.21472
0.23562
0.16718
0.15034
0.15836
0.14438
0.22565
0.17104
0.24137
0.23955
0.17223
0.14932
0.22677
0.2272
0.20478
0.20391
0.20787
0.23966
0.16325
0.22407
0.23669
0.20088
0.23855
0.24
0.20984
0.18553
0.2418
0.22903
0.16775
0.21862
0.19272
0.22625
0.24736
0.17882
0.20827
0.17143
0.2349
0.19637
0.21448
0.25248
0.18211
0.19518
0.2235
0.21694
0.22907
0.26575
0.23293
0.22731
0.19429
0.19716
0.27127
0.2588
0.28982
0.21452
0.23272
0.28168
0.23311
0.21708
0.27338
0.20918
0.27005
0.30091
0.23501
0.26808
0.24648
0.24063
0.25644
0.23158
0.23116
0.2409
0.23294
0.23814
0.23585
0.2173
0.22987
0.22906
0.26022
0.27998
0.25818
0.28706
0.2933
0.25255
0.2799
0.27764
0.24353
0.31515
0.26183
0.24966
0.26947
0.30526
0.30483
0.26911
0.24236
0.31115
0.26998
0.25875
0.25956
0.328
0.25594
0.30207
0.25495
0.29014
0.32329
0.30769
0.29816
0.33321
0.29304
0.2954
0.25042
0.2493
0.29832
0.34775
0.28291
0.27166
0.27764
0.32748
0.30269
0.33726
0.30659
0.25337
0.30781
0.27892
0.31027
0.31741
0.31695
0.32685
0.27095
0.33532
0.33269
0.28556
0.34703
0.32412
0.31041
0.28553
0.25801
0.32804
0.31383
0.26791
0.29627
0.34376
0.30532
0.3215
0.34064
0.27275
0.34104
0.33147
0.26342
0.30433
0.30744
0.29057
0.29722
0.29864
0.3218
0.32828
0.25782
0.27916
0.31678
0.27042
0.31744
0.28191
0.29275
0.27836
0.27237
0.23106
0.2458
0.23614
0.2943
0.29534
0.32254
0.25358
0.30713
0.2768
0.29699
0.31034
0.27439
0.29058
0.22597
0.30057
0.26912
0.27179
0.21651
0.29097
0.24499
0.2268
0.25373
0.25297
0.21307
0.23511
0.26583
0.25911
0.24902
0.20243
0.23393
0.26279
0.22145
0.18854
0.24117
0.27663
0.19779
0.26923
0.26441
0.23309
0.18585
0.23648
0.25053
0.24417
0.16798
0.2137
0.18749
0.17127
0.21107
0.23805
0.1573
0.23255
0.15396
0.17052
0.20924
0.16992
0.22084
0.14655
0.14545
0.16389
0.18071
0.21664
0.16038
0.1461
0.20049
0.13445
0.16324
0.20764
0.1327
0.14409
0.14146
0.17761
0.17688
0.12232
0.20302
0.19599
0.18233
0.13868
0.15712
0.12443
0.13068
0.13866
0.19004
0.1654
0.096156
0.13185
0.16053
0.1267
0.15542
0.14852
0.15568
0.11763
0.13989
0.16688
0.083821
0.11011
0.089126
0.14284
0.069126
0.099691
0.081723
0.081825
0.053788
0.074043
0.081613
0.077795
0.13643
0.079799
0.04071
0.12148
0.10983
0.065134
0.1207
0.12331
0.048989
0.1005
0.047468
0.11353
0.081409
0.035492
0.043336
0.090431
0.089064
0.060213
0.048004
0.027389
0.053323
0.097454
0.091374
0.094792
0.066234
0.060095
0.02587
0.062661
0.069785
0.045736
0.073655
0.022642
-0.0073343
0.0056477
0.0026493
0.042256
0.029466
0.048523
-0.0141
0.001565
0.017916
0.03599
0.064568
-0.019942
0.045584
0.056159
0.060026
-0.0086787
0.045833
-0.022385
0.0596
0.041491
0.047225
0.011111
-0.006789
0.056893
0.031792
-0.018166
0.015791
-0.0020456
0.051406
0.049593
0.00057464
0.048547
0.021619
0.02217
-0.027331
0.022718
0.0059921
0.016043
-0.057373
0.027564
-0.0063323
-0.032492
-0.052101
-0.042873
0.019158
-0.028903
0.034898
0.021132
0.0039925
0.004536
0.0083208
-0.053315
-0.055932
-0.025523
0.011726
-0.012827
0.025637
-0.027785
-0.047942
-0.014296
-0.02831
-0.027435
0.014185
0.011552
-0.0085767
-0.05735
-0.012357
0.031373
0.016099
0.013342
0.028406
0.020386
0.017027
0.014563
-0.042142
0.013013
0.031833
0.023861
-0.036711
-0.010471
0.031269
0.0020176
-0.05652
0.0041786
-0.0063695
-0.022266
0.011326
0.016193
-0.0082265
-0.030118
0.017072
-0.0085476
0.010457
-0.020202
0.023014
-0.046568
-0.013016
-0.052111
0.041709
-0.02591
-0.051765
-0.007797
-0.038233
-0.040421
0.025075
0.020979
-0.0283
-0.011755
-0.028893
-0.01159
-0.041123
0.04517
0.022471
-0.023909
0.0047543
-0.022178
0.0033235
-0.018776
-0.043864
0.030809
-0.018393
-0.038205
-0.03803
0.010581
0.0072245
0.029092
0.045161
-0.029359
-0.034519
-0.0114
0.0014458
-0.0072956
-0.019465
-0.023989
-0.051347
-0.037013
-0.048629
-0.023422
-0.013748
-0.02574
-0.0051815
-0.041988
0.047993
-0.020127
-0.01342
-0.020805
0.039682
0.027697
0.011997
0.026048
-0.010095
0.040543
-0.036667
0.043084
0.027145
0.016749
0.0039144
-0.02621
-0.045982
0.020285
0.013562
0.03216
0.033462
0.031783
-0.039769
0.00029342
-0.03023
-0.043191
-0.032937
-0.034596
-0.0082096
-0.044321
0.019729
0.015931
-0.00095466
0.017524
0.046727
-0.023186
-0.032736
0.051574
-0.012703
0.043749
0.038437
-0.0068141
0.010709
-0.0022491
0.052245
-0.035536
0.021192
-0.026352
-0.0088967
0.026617
0.019019
0.032127
0.038906
0.011506
0.0066609
-0.040512
0.0018751
0.018821
-0.021951
0.028543
0.026475
-0.040602
-0.026827
-0.030799
-0.011354
0.020445
0.00027686
0.034701
-0.025409
-0.027895
0.040137
0.017088
0.0090162
0.019237
0.008026
-0.0045629
0.00069546
0.050916
0.041624
-0.0073721
-0.030115
0.026304
0.017089
0.0025415
0.0444
0.049698
0.03291
0.0032081
0.031853
-0.0005893
0.01479
0.022334
0.032214
0.0054383
-0.020889
0.036801
0.039361
0.032038
-0.015975
0.02477
0.038171
-0.0088432
0.028377
-0.01044
0.055815
0.050156
0.035252
0.039213
0.050618
0.015638
0.02354
0.035528
0.0065477
0.054563
-0.021216
-0.030501
0.026696
0.037218
-0.031021
-0.0060387
0.059484
0.0066177
0.040191
0.013406
-0.029422
0.0090649
-0.027368
0.068605
0.033854
-0.016902
-0.015832
0.049373
0.018828
0.012075
0.0011991
0.0048055
-0.017313
0.073644
0.0063973
0.052535
0.038678
0.017143
-0.010912
0.047352
0.058701
0.036354
-0.00013556
0.00096295
0.028607
0.065881
-0.0066903
0.086351
0.024499
0.019878
-0.0033153
0.057514
0.060042
0.044514
0.043268
0.092
0.089189
0.079112
0.052921
0.10663
0.03333
0.016836
0.087563
0.10572
0.081559
0.041024
0.066283
0.036468
0.10698
0.075453
0.107
0.12937
0.070077
0.03664
0.11176
0.080053
0.049704
0.068067
0.042947
0.092419
0.11892
0.1312
0.069797
0.093403
0.095185
0.12187
0.13508
0.088276
0.12875
0.15302
0.075138
0.12717
0.071279
0.065494
0.12112
0.073113
0.083319
0.1644
0.13623
0.10759
0.16995
0.082129
0.15659
0.08259
0.15418
0.1401
0.11998
0.16934
0.10058
0.098402
0.12542
0.16588
0.17496
0.10854
0.12319
0.1422
0.14457
0.091349
0.15523
0.14984
0.097229
0.15131
0.13245
0.14954
0.14069
0.12355
0.082864
0.10027
0.11458
0.073046
0.091334
0.073872
0.092636
0.11928
0.1201
0.071082
0.091
0.14287
0.14758
0.15768
0.086585
0.1423
0.092379
0.067444
0.054982
0.12628
0.065653
0.11399
0.12059
0.07463
0.086273
0.053464
0.13538
0.12583
0.12223
0.081459
0.097998
0.091441
0.12135
0.050628
0.066686
0.066547
0.043717
0.098206
0.063073
0.088693
0.022144
0.09682
0.11399
0.059957
0.10913
0.028428
0.092406
0.01621
0.089273
0.018398
0.084658
0.018341
0.039616
0.026369
0.028938
0.039093
0.062204
0.015248
0.069531
0.00325
0.073947
0.089881
-0.0011332
0.092963
0.050616
0.073669
0.016864
0.083034
0.0051418
0.0015407
0.045193
0.025606
-0.0038902
0.0084897
0.079592
0.050582
-0.002644
0.031543
0.015022
0.025905
0.016945
0.004145
0.01781
0.022045
0.0040379
0.053927
0.061938
0.059383
0.074936
0.030677
0.013681
0.095323
0.025739
0.072009
0.0031572
0.099075
0.068756
0.08013
0.080182
0.073547
0.088752
0.072746
0.02796
0.048894
0.0045359
0.011675
0.026072
-0.0038017
0.04687
0.041833
0.0237
0.056831
0.068717
0.021
0.054186
0.026328
0.06433
0.095958
0.087335
0.030194
0.03032
0.0891
0.10786
0.098181
0.092286
0.08716
0.15534
0.13301
0.09677
0.16144
0.12091
0.15668
0.12635
0.1511
0.15387
0.21497
0.17674
0.21106
0.21304
0.28865
0.33488
0.34346
0.37273
0.32262
0.39394
0.35683
0.44217
0.43959
0.49885
0.47128
0.52195
0.52366
0.59484
0.54245
0.62494
0.59498
0.65429
0.6579
0.76823
0.73024
0.74398
0.86187
0.82763
0.86156
0.94139
0.91437
0.92641
0.96042
0.98972
0.98248
1.0843
1.0544
1.0745
1.1347
1.1697
1.1752
1.163
1.1445
1.1391
1.2125
1.1598
1.2244
1.1802
1.2227
1.1458
1.1537
1.1282
1.1785
1.2081
1.1785
1.1402
1.0853
1.1105
1.1367
1.1146
1.0953
0.9913
1.0119
0.98697
0.94579
0.92308
0.88581
0.92564
0.83496
0.81925
0.81306
0.81787
0.80716
0.79864
0.69154
0.68761
0.70713
0.67799
0.63158
0.65338
0.60007
0.57965
0.54705
0.49358
0.53072
0.4703
0.48521
0.44541
0.44622
0.44078
0.46116
0.38238
0.40914
0.39724
0.39879
0.35834
0.33362
0.3413
0.34542
0.35167
0.26715
0.26619
0.26039
0.33177
0.23729
0.2918
0.28407
0.24148
0.27016
0.2232
0.27283
0.28296
0.25862
0.25806
0.26803
0.24112
0.25672
0.271
0.19795
0.25574
0.20557
0.18675
0.25937
0.27428
0.22362
0.21245
0.18558
0.2599
0.26447
0.2421
0.18719
0.21049
0.21988
0.24204
0.19219
0.20009
0.24227
0.2034
0.23402
0.21045
0.24275
0.20363
0.21061
0.20619
0.22904
0.20131
0.22305
0.26496
0.24832
0.26017
0.17917
0.19055
0.18361
0.24886
0.23043
0.19987
0.17958
0.25147
0.25603
0.25587
0.17628
0.22265
0.25123
0.20312
0.25638
0.25867
0.25769
0.20365
0.20845
0.19581
0.19954
0.17589
0.20016
0.19597
0.24999
0.21824
0.18163
0.17703
0.21527
0.22714
0.21987
0.2491
0.25945
0.18328
0.21938
0.19382
0.20759
0.23376
0.20678
0.24652
0.21771
0.2452
0.19101
0.20667
0.24091
0.17533
0.25897
0.22976
0.22824
0.23753
0.21376
0.19165
0.25307
0.24338
0.2139
0.27261
0.20534
0.25626
0.20482
0.25246
0.25737
0.23203
0.28283
0.27034
0.2338
0.2116
0.25784
0.24744
0.26251
0.22963
0.2342
0.25283
0.27103
0.26525
0.21117
0.29288
0.24853
0.2461
0.24872
0.29372
0.21646
0.22182
0.28926
0.3058
0.24101
0.25975
0.23481
0.25294
0.21913
0.23461
0.24665
0.31878
0.25762
0.25713
0.23773
0.24633
0.30593
0.23674
0.29904
0.30862
0.27974
0.28781
0.26387
0.24898
0.29251
0.25287
0.29763
0.27728
0.34016
0.29708
0.26633
0.33028
0.26593
0.3334
0.32413
0.30107
0.2541
0.30137
0.25767
0.26273
0.29672
0.32864
0.34531
0.35223
0.31048
0.34659
0.28576
0.27469
0.29521
0.32836
0.35842
0.3663
0.29914
0.28529
0.28546
0.28612
0.31296
0.33608
0.33561
0.35173
0.28176
0.31755
0.34759
0.31487
0.28326
0.28513
0.28711
0.34588
0.28224
0.32132
0.28534
0.29425
0.30539
0.35609
0.33149
0.37662
0.28624
0.36588
0.29915
0.36252
0.36565
0.32433
0.30679
0.35564
0.36176
0.35098
0.30771
0.34403
0.33294
0.37446
0.32864
0.35711
0.35245
0.29152
0.34842
0.32733
0.31261
0.30945
0.28982
0.34366
0.30764
0.36545
0.30776
0.33338
0.29011
0.34125
0.34577
0.37706
0.37661
0.36157
0.31122
0.34818
0.30517
0.32684
0.33514
0.34842
0.36882
0.33291
0.29848
0.33076
0.32801
0.32038
0.33658
0.29784
0.32064
0.35733
0.30445
0.29529
0.3419
0.33532
0.30778
0.35445
0.33248
0.33312
0.34847
0.28369
0.32255
0.25143
0.32263
0.29163
0.32948
0.25126
0.30645
0.28506
0.28897
0.30649
0.31702
0.24213
0.30791
0.24273
0.31391
0.23736
0.23989
0.28115
0.29014
0.28902
0.27292
0.24298
0.21976
0.22352
0.25895
0.21456
0.21144
0.25823
0.24309
0.28399
0.26371
0.27033
0.24409
0.24695
0.2505
0.20142
0.24675
0.23519
0.26042
0.23546
0.28235
0.25175
0.25419
0.18429
0.20618
0.26518
0.21776
0.17644
0.19504
0.19709
0.18937
0.23595
0.21033
0.25635
0.18159
0.21878
0.20251
0.20879
0.22282
0.23538
0.22163
0.18968
0.21673
0.16813
0.16846
0.14737
0.20199
0.16997
0.21786
0.17582
0.20365
0.19351
0.14888
0.12469
0.11693
0.14005
0.18794
0.19957
0.20602
0.15806
0.18678
0.16197
0.17451
0.17847
0.15332
0.17201
0.13998
0.18706
0.11273
0.16915
0.16016
0.16556
0.083073
0.11588
0.097913
0.10458
0.077679
0.15968
0.15052
0.082377
0.13597
0.12501
0.1589
0.06631
0.11476
0.058981
0.06069
0.15138
0.058325
0.12539
0.10581
0.058842
0.060376
0.1173
0.094597
0.12862
0.11644
0.060528
0.072988
0.078293
0.061513
0.087389
0.12998
0.12966
0.09231
0.036056
0.095542
0.11851
0.098317
0.050001
0.031854
0.077108
0.11297
0.078244
0.112
0.081374
0.063962
0.071381
0.055816
0.05814
0.062725
0.10457
0.039937
0.087174
0.057066
0.079364
0.012091
0.059285
0.019363
0.015432
0.023178
0.032847
0.045352
0.043793
0.087846
-0.0064917
0.030669
0.033796
0.025771
0.0044691
0.01515
0.033218
0.074382
0.072731
0.048701
0.024402
-0.0063434
0.042382
0.067421
0.057122
-0.017886
0.012127
0.043008
-0.0038806
0.059682
-0.014917
0.0025301
-0.005272
-0.0070641
-0.0099826
0.049815
0.062874
0.03428
-0.0068204
0.016771
0.061061
-0.0097466
0.049457
0.056426
0.014765
0.037575
0.071606
0.067213
0.0011316
0.027343
0.018829
-0.024066
0.064162
0.0011148
-0.018361
0.055828
0.045663
0.026866
0.066128
0.072397
0.04598
0.059528
0.0087367
-0.015041
-0.012263
0.036646
0.022881
0.043871
0.034664
0.067911
0.047322
0.069768
0.044092
0.015714
0.035587
0.032501
0.057965
0.0049871
0.061965
0.075995
0.024843
-0.010868
0.02044
0.066079
0.051163
0.015859
0.018786
0.064379
0.013127
0.028494
0.049716
0.073473
0.073504
0.079226
0.069518
0.081046
0.039278
0.0038638
0.019691
0.038537
0.032437
0.00089171
0.029962
-0.004605
0.02706
0.033641
0.075847
0.02783
-0.015593
0.061123
-0.006173
0.00073167
-0.01251
0.011324
0.05291
0.080671
0.031783
0.061111
0.056181
-0.0033317
0.060309
0.017232
0.03632
0.029048
0.061074
0.053271
0.063491
0.081189
0.086066
0.018875
-0.0010759
0.014564
0.028382
0.038775
0.0053578
0.015304
0.018694
-0.0020949
0.048415
0.05274
0.0082979
0.063478
0.041527
0.004313
0.048199
0.0094706
0.065481
0.063819
0.077424
0.08937
0.059673
0.022513
0.088688
0.065144
0.082698
0.055315
0.011815
-0.0048031
-0.0031656
0.012193
0.00040652
0.0015131
0.00027109
0.047224
-0.0052064
0.012481
0.089455
0.02186
0.09039
0.017696
0.004476
0.09054
0.00013016
0.047123
0.0026136
0.02799
0.064714
0.082263
0.041695
0.052163
0.0089087
0.048845
0.034084
0.047631
0.08043
0.020481
0.029851
0.029759
0.010871
0.0095332
0.057159
0.079305
0.027427
0.0093261
0.025042
0.085798
0.077849
0.033575
0.032702
0.029808
0.053899
0.037406
0.056216
0.086986
0.095548
0.070906
0.065535
0.093845
0.051733
0.088018
0.032555
0.038212
0.00928
0.071893
0.035753
0.088777
0.087829
0.02891
0.054064
0.044182
0.061084
0.014179
0.10059
0.065452
0.063138
0.091016
0.075879
0.029647
0.060019
0.026592
0.066693
0.084011
0.047774
0.029146
0.070751
0.026127
0.058309
0.087075
0.1038
0.085494
0.046692
0.07504
0.09919
0.10641
0.051212
0.015652
0.075006
0.025952
0.074641
0.091059
0.067057
0.071832
0.093962
0.10961
0.080163
0.059115
0.068904
0.10026
0.069112
0.064171
0.10951
0.06025
0.059198
0.11539
0.093002
0.057691
0.12561
0.054091
0.11058
0.034716
0.072304
0.078897
0.049688
0.1122
0.12011
0.11842
0.063129
0.062495
0.10471
0.13868
0.14207
0.083262
0.14856
0.10828
0.12583
0.097145
0.10214
0.079376
0.085642
0.12532
0.14325
0.16126
0.093912
0.090018
0.088332
0.14474
0.13752
0.082836
0.14609
0.097577
0.15421
0.18011
0.087486
0.15981
0.11707
0.14484
0.11597
0.14264
0.1624
0.1897
0.13811
0.14116
0.12275
0.18457
0.10459
0.15856
0.10789
0.15784
0.19503
0.15864
0.19427
0.14524
0.18632
0.21141
0.18114
0.13955
0.12858
0.17442
0.15393
0.1434
0.16331
0.12489
0.14496
0.14455
0.17459
0.15035
0.18413
0.19178
0.20789
0.15987
0.1585
0.12487
0.21476
0.20759
0.16084
0.13174
0.12503
0.15461
0.13087
0.14365
0.13218
0.14119
0.20602
0.15963
0.18862
0.11165
0.18331
0.13126
0.16219
0.16537
0.1558
0.15545
0.13082
0.15533
0.10187
0.16335
0.16584
0.18615
0.18075
0.1346
0.15185
0.086251
0.12457
0.12281
0.11962
0.10277
0.14818
0.14092
0.12273
0.1506
0.073419
0.09916
0.07284
0.082555
0.10766
0.15528
0.08085
0.078288
0.059639
0.14323
0.13467
0.09935
0.10668
0.12625
0.089353
0.088631
0.081673
0.10965
0.048748
0.098428
0.065127
0.10048
0.083735
0.12127
0.068643
0.086908
0.081794
0.084809
0.12086
0.069514
0.095818
0.042208
0.12266
0.12118
0.058002
0.12255
0.13279
0.096177
0.037247
0.069391
0.10404
0.13218
0.074967
0.13599
0.08094
0.1323
0.12637
0.092871
0.053586
0.11652
0.089528
0.065852
0.097086
0.13103
0.11412
0.075152
0.12519
0.059621
0.11084
0.14076
0.12767
0.092509
0.068067
0.090735
0.10516
0.077
0.078933
0.1114
